2048.000000
2048.000000
2049.000000
2049.000000
2049.000000
2049.000000
2048.000000
2047.000000
2045.000000
2043.000000
2040.000000
2036.000000
2033.000000
2029.000000
2023.000000
2016.000000
2010.000000
2004.000000
1998.000000
1992.000000
1986.000000
1978.000000
1970.000000
1963.000000
1955.000000
1947.000000
1939.000000
1931.000000
1923.000000
1916.000000
1909.000000
1902.000000
1895.000000
1887.000000
1881.000000
1875.000000
1869.000000
1863.000000
1857.000000
1851.000000
1845.000000
1840.000000
1835.000000
1831.000000
1827.000000
1822.000000
1819.000000
1815.000000
1812.000000
1809.000000
1806.000000
1804.000000
1802.000000
1799.000000
1797.000000
1795.000000
1794.000000
1793.000000
1792.000000
1791.000000
1790.000000
1789.000000
1789.000000
1790.000000
1790.000000
1791.000000
1791.000000
1793.000000
1794.000000
1795.000000
1797.000000
1799.000000
1801.000000
1803.000000
1806.000000
1808.000000
1810.000000
1812.000000
1815.000000
1818.000000
1820.000000
1823.000000
1826.000000
1829.000000
1833.000000
1836.000000
1840.000000
1844.000000
1848.000000
1853.000000
1859.000000
1865.000000
1872.000000
1878.000000
1887.000000
1895.000000
1904.000000
1913.000000
1922.000000
1930.000000
1939.000000
1949.000000
1959.000000
1970.000000
1980.000000
1991.000000
2001.000000
2012.000000
2022.000000
2033.000000
2043.000000
2053.000000
2063.000000
2073.000000
2083.000000
2092.000000
2101.000000
2110.000000
2119.000000
2128.000000
2137.000000
2144.000000
2152.000000
2159.000000
2166.000000
2172.000000
2178.000000
2184.000000
2189.000000
2195.000000
2199.000000
2202.000000
2206.000000
2210.000000
2213.000000
2217.000000
2220.000000
2222.000000
2225.000000
2227.000000
2229.000000
2230.000000
2231.000000
2232.000000
2233.000000
2233.000000
2234.000000
2234.000000
2234.000000
2234.000000
2235.000000
2234.000000
2234.000000
2233.000000
2232.000000
2232.000000
2231.000000
2231.000000
2230.000000
2229.000000
2228.000000
2226.000000
2225.000000
2223.000000
2222.000000
2220.000000
2217.000000
2214.000000
2211.000000
2206.000000
2200.000000
2195.000000
2190.000000
2183.000000
2174.000000
2166.000000
2158.000000
2150.000000
2142.000000
2134.000000
2124.000000
2114.000000
2104.000000
2094.000000
2084.000000
2074.000000
2064.000000
2054.000000
2044.000000
2035.000000
2025.000000
2016.000000
2006.000000
1997.000000
1989.000000
1981.000000
1973.000000
1965.000000
1957.000000
1949.000000
1941.000000
1934.000000
1928.000000
1921.000000
1915.000000
1909.000000
1904.000000
1899.000000
1893.000000
1889.000000
1885.000000
1881.000000
1877.000000
1873.000000
1869.000000
1866.000000
1864.000000
1861.000000
1858.000000
1856.000000
1853.000000
1852.000000
1850.000000
1849.000000
1848.000000
1848.000000
1848.000000
1848.000000
1848.000000
1848.000000
1849.000000
1850.000000
1850.000000
1851.000000
1852.000000
1853.000000
1855.000000
1856.000000
1858.000000
1860.000000
1862.000000
1864.000000
1866.000000
1868.000000
1870.000000
1873.000000
1875.000000
1879.000000
1882.000000
1887.000000
1892.000000
1897.000000
1903.000000
1909.000000
1917.000000
1925.000000
1932.000000
1940.000000
1948.000000
1956.000000
1965.000000
1975.000000
1984.000000
1994.000000
2004.000000
2014.000000
2024.000000
2034.000000
2044.000000
2054.000000
2063.000000
2073.000000
2083.000000
2092.000000
2101.000000
2110.000000
2118.000000
2127.000000
2135.000000
2144.000000
2153.000000
2160.000000
2167.000000
2174.000000
2180.000000
2187.000000
2192.000000
2198.000000
2203.000000
2207.000000
2211.000000
2215.000000
2219.000000
2223.000000
2226.000000
2228.000000
2230.000000
2232.000000
2234.000000
2237.000000
2239.000000
2240.000000
2241.000000
2242.000000
2242.000000
2243.000000
2243.000000
2243.000000
2243.000000
2243.000000
2242.000000
2242.000000
2241.000000
2241.000000
2240.000000
2240.000000
2239.000000
2237.000000
2236.000000
2235.000000
2234.000000
2233.000000
2231.000000
2229.000000
2228.000000
2225.000000
2223.000000
2220.000000
2216.000000
2211.000000
2206.000000
2200.000000
2195.000000
2188.000000
2180.000000
2171.000000
2163.000000
2155.000000
2147.000000
2138.000000
2129.000000
2119.000000
2109.000000
2098.000000
2088.000000
2078.000000
2068.000000
2058.000000
2048.000000
2038.000000
2029.000000
2019.000000
2010.000000
2000.000000
1992.000000
1984.000000
1976.000000
1968.000000
1960.000000
1952.000000
1944.000000
1937.000000
1930.000000
1924.000000
1918.000000
1912.000000
1906.000000
1901.000000
1896.000000
1891.000000
1887.000000
1883.000000
1879.000000
1875.000000
1870.000000
1868.000000
1865.000000
1862.000000
1860.000000
1857.000000
1855.000000
1853.000000
1852.000000
1850.000000
1850.000000
1849.000000
1849.000000
1849.000000
1849.000000
1848.000000
1849.000000
1850.000000
1851.000000
1852.000000
1853.000000
1854.000000
1855.000000
1857.000000
1859.000000
1860.000000
1862.000000
1864.000000
1866.000000
1868.000000
1871.000000
1873.000000
1876.000000
1879.000000
1883.000000
1887.000000
1892.000000
1897.000000
1903.000000
1910.000000
1917.000000
1925.000000
1932.000000
1940.000000
1948.000000
1956.000000
1966.000000
1975.000000
1985.000000
1994.000000
2004.000000
2014.000000
2024.000000
2034.000000
2044.000000
2054.000000
2064.000000
2074.000000
2083.000000
2092.000000
2101.000000
2109.000000
2118.000000
2127.000000
2135.000000
2144.000000
2153.000000
2160.000000
2167.000000
2174.000000
2181.000000
2187.000000
2192.000000
2198.000000
2203.000000
2207.000000
2211.000000
2215.000000
2219.000000
2223.000000
2225.000000
2228.000000
2230.000000
2232.000000
2234.000000
2237.000000
2239.000000
2240.000000
2241.000000
2242.000000
2242.000000
2243.000000
2243.000000
2243.000000
2243.000000
2243.000000
2242.000000
2242.000000
2241.000000
2241.000000
2241.000000
2240.000000
2238.000000
2237.000000
2236.000000
2235.000000
2234.000000
2233.000000
2231.000000
2229.000000
2228.000000
2226.000000
2223.000000
2220.000000
2216.000000
2212.000000
2206.000000
2200.000000
2194.000000
2188.000000
2180.000000
2172.000000
2163.000000
2155.000000
2146.000000
2137.000000
2129.000000
2119.000000
2109.000000
2099.000000
2088.000000
2078.000000
2068.000000
2058.000000
2048.000000
2038.000000
2029.000000
2020.000000
2010.000000
2001.000000
1992.000000
1983.000000
1975.000000
1967.000000
1960.000000
1952.000000
1944.000000
1937.000000
1930.000000
1924.000000
1918.000000
1912.000000
1906.000000
1901.000000
1896.000000
1891.000000
1887.000000
1883.000000
1879.000000
1875.000000
1872.000000
1868.000000
1864.000000
1862.000000
1859.000000
1857.000000
1855.000000
1853.000000
1852.000000
1850.000000
1850.000000
1849.000000
1848.000000
1848.000000
1849.000000
1849.000000
1849.000000
1850.000000
1851.000000
1852.000000
1854.000000
1855.000000
1856.000000
1857.000000
1858.000000
1860.000000
1862.000000
1864.000000
1866.000000
1868.000000
1871.000000
1873.000000
1876.000000
1879.000000
1883.000000
1887.000000
1893.000000
1898.000000
1903.000000
1910.000000
1918.000000
1925.000000
1933.000000
1941.000000
1948.000000
1957.000000
1966.000000
1975.000000
1985.000000
1995.000000
2005.000000
2015.000000
2025.000000
2035.000000
2045.000000
2054.000000
2064.000000
2074.000000
2084.000000
2093.000000
2101.000000
2110.000000
2119.000000
2127.000000
2136.000000
2144.000000
2153.000000
2160.000000
2168.000000
2174.000000
2181.000000
2187.000000
2192.000000
2198.000000
2203.000000
2207.000000
2211.000000
2215.000000
2219.000000
2223.000000
2226.000000
2228.000000
2230.000000
2232.000000
2234.000000
2237.000000
2239.000000
2240.000000
2241.000000
2241.000000
2242.000000
2242.000000
2243.000000
2243.000000
2243.000000
2243.000000
2242.000000
2242.000000
2241.000000
2241.000000
2240.000000
2240.000000
2238.000000
2237.000000
2236.000000
2235.000000
2234.000000
2232.000000
2231.000000
2229.000000
2227.000000
2225.000000
2223.000000
2219.000000
2216.000000
2211.000000
2206.000000
2200.000000
2194.000000
2188.000000
2179.000000
2171.000000
2163.000000
2155.000000
2146.000000
2138.000000
2129.000000
2119.000000
2108.000000
2098.000000
2088.000000
2078.000000
2068.000000
2058.000000
2048.000000
2038.000000
2029.000000
2019.000000
2010.000000
2000.000000
1992.000000
1984.000000
1976.000000
1968.000000
1960.000000
1952.000000
1944.000000
1937.000000
1930.000000
1924.000000
1918.000000
1912.000000
1906.000000
1901.000000
1896.000000
1891.000000
1887.000000
1883.000000
1879.000000
1875.000000
1871.000000
1867.000000
1865.000000
1862.000000
1860.000000
1857.000000
1855.000000
1853.000000
1852.000000
1850.000000
1849.000000
1849.000000
1848.000000
1848.000000
1848.000000
1848.000000
1849.000000
1850.000000
1851.000000
1852.000000
1853.000000
1854.000000
1855.000000
1857.000000
1859.000000
1860.000000
1862.000000
1864.000000
1866.000000
1868.000000
1871.000000
1873.000000
1876.000000
1879.000000
1883.000000
1887.000000
1892.000000
1897.000000
1904.000000
1910.000000
1917.000000
1924.000000
1931.000000
1940.000000
1948.000000
1957.000000
1966.000000
1975.000000
1985.000000
1995.000000
2004.000000
2014.000000
2024.000000
2034.000000
2044.000000
2054.000000
2064.000000
2073.000000
2083.000000
2092.000000
2101.000000
2110.000000
2119.000000
2128.000000
2137.000000
2145.000000
2153.000000
2160.000000
2167.000000
2174.000000
2181.000000
2186.000000
2192.000000
2198.000000
2202.000000
2207.000000
2211.000000
2216.000000
2219.000000
2222.000000
2224.000000
2227.000000
2229.000000
2232.000000
2234.000000
2236.000000
2239.000000
2240.000000
2241.000000
2242.000000
2242.000000
2242.000000
2243.000000
2243.000000
2243.000000
2243.000000
2242.000000
2242.000000
2242.000000
2241.000000
2240.000000
2239.000000
2238.000000
2237.000000
2236.000000
2235.000000
2234.000000
2233.000000
2231.000000
2229.000000
2227.000000
2225.000000
2223.000000
2219.000000
2216.000000
2211.000000
2205.000000
2200.000000
2194.000000
2187.000000
2179.000000
2171.000000
2163.000000
2155.000000
2147.000000
2137.000000
2128.000000
2118.000000
2107.000000
2097.000000
2087.000000
2077.000000
2067.000000
2057.000000
2047.000000
2037.000000
2028.000000
2018.000000
2009.000000
2000.000000
1992.000000
1984.000000
1976.000000
1968.000000
1960.000000
1951.000000
1943.000000
1936.000000
1930.000000
1923.000000
1917.000000
1911.000000
1906.000000
1900.000000
1896.000000
1891.000000
1887.000000
1882.000000
1878.000000
1874.000000
1871.000000
1868.000000
1866.000000
1863.000000
1860.000000
1857.000000
1855.000000
1853.000000
1852.000000
1850.000000
1850.000000
1849.000000
1849.000000
1848.000000
1848.000000
1849.000000
1850.000000
1850.000000
1851.000000
1852.000000
1853.000000
1854.000000
1856.000000
1858.000000
1859.000000
1861.000000
1862.000000
1864.000000
1866.000000
1869.000000
1871.000000
1873.000000
1876.000000
1879.000000
1883.000000
1887.000000
1892.000000
1898.000000
1903.000000
1910.000000
1917.000000
1925.000000
1933.000000
1940.000000
1948.000000
1956.000000
1966.000000
1975.000000
1985.000000
1994.000000
2004.000000
2014.000000
2024.000000
2034.000000
2044.000000
2054.000000
2064.000000
2074.000000
2083.000000
2092.000000
2101.000000
2110.000000
2118.000000
2127.000000
2135.000000
2144.000000
2153.000000
2160.000000
2167.000000
2174.000000
2181.000000
2187.000000
2192.000000
2198.000000
2203.000000
2207.000000
2211.000000
2215.000000
2219.000000
2223.000000
2226.000000
2228.000000
2230.000000
2232.000000
2235.000000
2237.000000
2239.000000
2240.000000
2241.000000
2242.000000
2242.000000
2243.000000
2243.000000
2243.000000
2243.000000
2243.000000
2242.000000
2242.000000
2242.000000
2241.000000
2241.000000
2240.000000
2239.000000
2238.000000
2236.000000
2235.000000
2234.000000
2233.000000
2231.000000
2230.000000
2228.000000
2226.000000
2223.000000
2220.000000
2216.000000
2212.000000
2206.000000
2200.000000
2194.000000
2188.000000
2180.000000
2172.000000
2163.000000
2155.000000
2146.000000
2138.000000
2129.000000
2119.000000
2109.000000
2099.000000
2088.000000
2078.000000
2068.000000
2058.000000
2048.000000
2038.000000
2029.000000
2020.000000
2011.000000
2001.000000
1992.000000
1983.000000
1975.000000
1968.000000
1960.000000
1952.000000
1944.000000
1937.000000
1930.000000
1924.000000
1918.000000
1912.000000
1906.000000
1901.000000
1896.000000
1891.000000
1887.000000
1883.000000
1879.000000
1875.000000
1872.000000
1868.000000
1864.000000
1862.000000
1859.000000
1857.000000
1855.000000
1853.000000
1852.000000
1850.000000
1850.000000
1849.000000
1848.000000
1849.000000
1849.000000
1849.000000
1849.000000
1850.000000
1851.000000
1852.000000
1854.000000
1855.000000
1856.000000
1857.000000
1858.000000
1860.000000
1862.000000
1864.000000
1866.000000
1868.000000
1871.000000
1873.000000
1876.000000
1879.000000
1883.000000
1887.000000
1893.000000
1898.000000
1903.000000
1910.000000
1918.000000
1925.000000
1933.000000
1941.000000
1948.000000
1957.000000
1966.000000
1975.000000
1985.000000
1995.000000
2005.000000
2015.000000
2025.000000
2035.000000
2045.000000
2054.000000
2064.000000
2074.000000
2084.000000
2093.000000
2101.000000
2110.000000
2119.000000
2127.000000
2136.000000
2144.000000
2153.000000
2160.000000
2168.000000
2174.000000
2181.000000
2187.000000
2192.000000
2198.000000
2203.000000
2207.000000
2211.000000
2215.000000
2219.000000
2223.000000
2226.000000
2228.000000
2230.000000
2232.000000
2234.000000
2237.000000
2239.000000
2240.000000
2241.000000
2241.000000
2242.000000
2242.000000
2243.000000
2243.000000
2243.000000
2243.000000
2242.000000
2242.000000
2241.000000
2241.000000
2240.000000
2240.000000
2238.000000
2237.000000
2236.000000
2235.000000
2234.000000
2232.000000
2231.000000
2229.000000
2227.000000
2225.000000
2223.000000
2219.000000
2216.000000
2211.000000
2206.000000
2200.000000
2194.000000
2188.000000
2179.000000
2171.000000
2163.000000
2155.000000
2146.000000
2138.000000
2129.000000
2118.000000
2108.000000
2098.000000
2088.000000
2078.000000
2068.000000
2058.000000
2048.000000
2038.000000
2029.000000
2019.000000
2010.000000
2000.000000
1992.000000
1984.000000
1976.000000
1968.000000
1960.000000
1952.000000
1944.000000
1937.000000
1930.000000
1924.000000
1918.000000
1912.000000
1906.000000
1901.000000
1896.000000
1891.000000
1887.000000
1883.000000
1879.000000
1875.000000
1870.000000
1867.000000
1865.000000
1862.000000
1860.000000
1857.000000
1855.000000
1853.000000
1852.000000
1850.000000
1849.000000
1849.000000
1848.000000
1848.000000
1848.000000
1848.000000
1849.000000
1850.000000
1851.000000
1852.000000
1853.000000
1854.000000
1855.000000
1857.000000
1859.000000
1860.000000
1862.000000
1864.000000
1866.000000
1868.000000
1871.000000
1873.000000
1876.000000
1879.000000
1882.000000
1887.000000
1892.000000
1897.000000
1903.000000
1910.000000
1917.000000
1925.000000
1932.000000
1939.000000
1948.000000
1957.000000
1966.000000
1975.000000
1985.000000
1995.000000
2004.000000
2014.000000
2024.000000
2034.000000
2044.000000
2054.000000
2064.000000
2074.000000
2083.000000
2092.000000
2100.000000
2109.000000
2118.000000
2126.000000
2135.000000
2144.000000
2153.000000
2160.000000
2167.000000
2174.000000
2180.000000
2187.000000
2192.000000
2197.000000
2202.000000
2207.000000
2212.000000
2215.000000
2218.000000
2222.000000
2225.000000
2228.000000
2231.000000
2233.000000
2235.000000
2237.000000
2239.000000
2240.000000
2241.000000
2242.000000
2242.000000
2242.000000
2243.000000
2243.000000
2243.000000
2243.000000
2243.000000
2242.000000
2241.000000
2241.000000
2240.000000
2239.000000
2238.000000
2238.000000
2237.000000
2235.000000
2234.000000
2233.000000
2231.000000
2229.000000
2228.000000
2226.000000
2224.000000
2222.000000
2220.000000
2217.000000
2215.000000
2212.000000
2210.000000
2208.000000
2205.000000
2203.000000
2200.000000
2198.000000
2195.000000
2192.000000
2190.000000
2190.000000
