2057.000000
2060.000000
2063.000000
2066.000000
2068.000000
2070.000000
2071.000000
2071.000000
2070.000000
2070.000000
2068.000000
2066.000000
2064.000000
2061.000000
2058.000000
2055.000000
2052.000000
2049.000000
2046.000000
2043.000000
2040.000000
2037.000000
2034.000000
2031.000000
2029.000000
2027.000000
2027.000000
2026.000000
2026.000000
2028.000000
2030.000000
2031.000000
2033.000000
2035.000000
2037.000000
2040.000000
2043.000000
2047.000000
2050.000000
2053.000000
2056.000000
2059.000000
2062.000000
2064.000000
2066.000000
2068.000000
2068.000000
2068.000000
2068.000000
2068.000000
2066.000000
2063.000000
2061.000000
2059.000000
2057.000000
2054.000000
2051.000000
2048.000000
2045.000000
2042.000000
2038.000000
2035.000000
2032.000000
2030.000000
2028.000000
2027.000000
2026.000000
2026.000000
2027.000000
2027.000000
2028.000000
2031.000000
2033.000000
2036.000000
2039.000000
2041.000000
2044.000000
2046.000000
2050.000000
2053.000000
2057.000000
2060.000000
2063.000000
2065.000000
2067.000000
2069.000000
2070.000000
2070.000000
2070.000000
2069.000000
2067.000000
2065.000000
2063.000000
2061.000000
2058.000000
2055.000000
2052.000000
2049.000000
2045.000000
2042.000000
2039.000000
2036.000000
2033.000000
2031.000000
2029.000000
2027.000000
2027.000000
2026.000000
2026.000000
2027.000000
2029.000000
2031.000000
2033.000000
2035.000000
2037.000000
2040.000000
2043.000000
2046.000000
2050.000000
2053.000000
2056.000000
2059.000000
2062.000000
2064.000000
2066.000000
2068.000000
2068.000000
2068.000000
2068.000000
2068.000000
2066.000000
2063.000000
2061.000000
2059.000000
2056.000000
2054.000000
2051.000000
2048.000000
2045.000000
2042.000000
2038.000000
2035.000000
2032.000000
2030.000000
2028.000000
2027.000000
2025.000000
2026.000000
2027.000000
2027.000000
2028.000000
2030.000000
2033.000000
2036.000000
2038.000000
2041.000000
2044.000000
2047.000000
2049.000000
2053.000000
2056.000000
2059.000000
2062.000000
2065.000000
2067.000000
2069.000000
2070.000000
2070.000000
2070.000000
2069.000000
2067.000000
2065.000000
2063.000000
2061.000000
2058.000000
2055.000000
2052.000000
2049.000000
2045.000000
2042.000000
2039.000000
2036.000000
2033.000000
2031.000000
2029.000000
2028.000000
2027.000000
2026.000000
2026.000000
2028.000000
2030.000000
2031.000000
2033.000000
2035.000000
2038.000000
2041.000000
2044.000000
2047.000000
2050.000000
2053.000000
2056.000000
2059.000000
2062.000000
2064.000000
2066.000000
2068.000000
2068.000000
2068.000000
2069.000000
2067.000000
2065.000000
2063.000000
2061.000000
2059.000000
2057.000000
2054.000000
2051.000000
2048.000000
2045.000000
2042.000000
2038.000000
2035.000000
2032.000000
2030.000000
2028.000000
2026.000000
2026.000000
2026.000000
2026.000000
2027.000000
2029.000000
2031.000000
2033.000000
2036.000000
2038.000000
2040.000000
2043.000000
2047.000000
2050.000000
2053.000000
2057.000000
2060.000000
2063.000000
2065.000000
2067.000000
2069.000000
2070.000000
2070.000000
2070.000000
2069.000000
2067.000000
2065.000000
2063.000000
2061.000000
2058.000000
2055.000000
2051.000000
2048.000000
2045.000000
2042.000000
2039.000000
2036.000000
2033.000000
2030.000000
2028.000000
2027.000000
2027.000000
2026.000000
2026.000000
2028.000000
2029.000000
2031.000000
2032.000000
2035.000000
2038.000000
2041.000000
2044.000000
2047.000000
2050.000000
2053.000000
2056.000000
2059.000000
2062.000000
2064.000000
2066.000000
2068.000000
2068.000000
2069.000000
2069.000000
2067.000000
2065.000000
2063.000000
2061.000000
2060.000000
2057.000000
2054.000000
2051.000000
2048.000000
2045.000000
2042.000000
2038.000000
2035.000000
2033.000000
2030.000000
2028.000000
2026.000000
2026.000000
2026.000000
2026.000000
2027.000000
2029.000000
2031.000000
2033.000000
2036.000000
2038.000000
2040.000000
2043.000000
2047.000000
2050.000000
2053.000000
2057.000000
2060.000000
2063.000000
2065.000000
2068.000000
2069.000000
2070.000000
2070.000000
2070.000000
2069.000000
2067.000000
2065.000000
2063.000000
2061.000000
2058.000000
2055.000000
2051.000000
2048.000000
2045.000000
2042.000000
2039.000000
2036.000000
2033.000000
2031.000000
2028.000000
2027.000000
2027.000000
2026.000000
2026.000000
2028.000000
2029.000000
2031.000000
2033.000000
2034.000000
2037.000000
2040.000000
2043.000000
2047.000000
2050.000000
2053.000000
2056.000000
2059.000000
2062.000000
2064.000000
2066.000000
2068.000000
2068.000000
2068.000000
2069.000000
2067.000000
2065.000000
2063.000000
2061.000000
2059.000000
2057.000000
2054.000000
2051.000000
2048.000000
2045.000000
2042.000000
2038.000000
2035.000000
2032.000000
2030.000000
2028.000000
2027.000000
2026.000000
2026.000000
2026.000000
2027.000000
2029.000000
2031.000000
2033.000000
2036.000000
2038.000000
2041.000000
2043.000000
2047.000000
2050.000000
2053.000000
2057.000000
2060.000000
2063.000000
2065.000000
2067.000000
2069.000000
2070.000000
2070.000000
2070.000000
2069.000000
2067.000000
2065.000000
2063.000000
2061.000000
2058.000000
2054.000000
2051.000000
2048.000000
2045.000000
2042.000000
2039.000000
2036.000000
2033.000000
2030.000000
2028.000000
2027.000000
2026.000000
2026.000000
2027.000000
2028.000000
2029.000000
2031.000000
2032.000000
2035.000000
2038.000000
2041.000000
2044.000000
2047.000000
2050.000000
2052.000000
2055.000000
2059.000000
2061.000000
2064.000000
2066.000000
2068.000000
2068.000000
2069.000000
2068.000000
2067.000000
2065.000000
2064.000000
2062.000000
2060.000000
2057.000000
2054.000000
2051.000000
2048.000000
2045.000000
2042.000000
2039.000000
2036.000000
2033.000000
2030.000000
2028.000000
2027.000000
2026.000000
2026.000000
2026.000000
2027.000000
2029.000000
2031.000000
2033.000000
2035.000000
2037.000000
2040.000000
2044.000000
2047.000000
2050.000000
2053.000000
2056.000000
2060.000000
2063.000000
2065.000000
2067.000000
2069.000000
2070.000000
2070.000000
2070.000000
2069.000000
2067.000000
2065.000000
2063.000000
2061.000000
2058.000000
2055.000000
2052.000000
2048.000000
2045.000000
2042.000000
2039.000000
2036.000000
2033.000000
2030.000000
2028.000000
2027.000000
2026.000000
2026.000000
2026.000000
2027.000000
2029.000000
2031.000000
2033.000000
2035.000000
2037.000000
2040.000000
2043.000000
2046.000000
2050.000000
2053.000000
2056.000000
2059.000000
2062.000000
2064.000000
2066.000000
2068.000000
2068.000000
2068.000000
2068.000000
2068.000000
2066.000000
2063.000000
2061.000000
2059.000000
2056.000000
2054.000000
2051.000000
2048.000000
2045.000000
2042.000000
2038.000000
2035.000000
2032.000000
2030.000000
2028.000000
2027.000000
2026.000000
2026.000000
2027.000000
2027.000000
2028.000000
2030.000000
2033.000000
2036.000000
2038.000000
2041.000000
2044.000000
2047.000000
2049.000000
2053.000000
2056.000000
2059.000000
2062.000000
2065.000000
2067.000000
2069.000000
2070.000000
2070.000000
2070.000000
2069.000000
2067.000000
2065.000000
2063.000000
2061.000000
2058.000000
2055.000000
2052.000000
2048.000000
2045.000000
2042.000000
2039.000000
2036.000000
2033.000000
2031.000000
2029.000000
2028.000000
2027.000000
2026.000000
2027.000000
2028.000000
2030.000000
2031.000000
2032.000000
2035.000000
2038.000000
2041.000000
2044.000000
2047.000000
2050.000000
2053.000000
2056.000000
2059.000000
2062.000000
2064.000000
2066.000000
2068.000000
2068.000000
2069.000000
2069.000000
2067.000000
2065.000000
2063.000000
2062.000000
2060.000000
2057.000000
2054.000000
2051.000000
2048.000000
2045.000000
2042.000000
2039.000000
2035.000000
2033.000000
2030.000000
2028.000000
2026.000000
2026.000000
2026.000000
2026.000000
2027.000000
2029.000000
2031.000000
2033.000000
2036.000000
2038.000000
2040.000000
2043.000000
2047.000000
2050.000000
2053.000000
2057.000000
2060.000000
2063.000000
2065.000000
2068.000000
2069.000000
2070.000000
2070.000000
2070.000000
2069.000000
2067.000000
2065.000000
2063.000000
2061.000000
2058.000000
2055.000000
2051.000000
2048.000000
2045.000000
2042.000000
2039.000000
2036.000000
2033.000000
2031.000000
2029.000000
2027.000000
2027.000000
2026.000000
2026.000000
2028.000000
2029.000000
2031.000000
2033.000000
2035.000000
2037.000000
2040.000000
2043.000000
2046.000000
2050.000000
2053.000000
2056.000000
2059.000000
2062.000000
2064.000000
2066.000000
2068.000000
2068.000000
2068.000000
2068.000000
2067.000000
2065.000000
2063.000000
2061.000000
2059.000000
2057.000000
2054.000000
2051.000000
2048.000000
2045.000000
2041.000000
2038.000000
2035.000000
2032.000000
2030.000000
2028.000000
2027.000000
2026.000000
2026.000000
2026.000000
2027.000000
2029.000000
2031.000000
2033.000000
2036.000000
2038.000000
2041.000000
2043.000000
2047.000000
2050.000000
2053.000000
2057.000000
2060.000000
2063.000000
2065.000000
2067.000000
2069.000000
2070.000000
2070.000000
2070.000000
2069.000000
2067.000000
2066.000000
2063.000000
2060.000000
2057.000000
2055.000000
2052.000000
2049.000000
2045.000000
2042.000000
2039.000000
2036.000000
2033.000000
2030.000000
2028.000000
2027.000000
2026.000000
2026.000000
2027.000000
2027.000000
2028.000000
2030.000000
2033.000000
2036.000000
2038.000000
2041.000000
2044.000000
2046.000000
2049.000000
2053.000000
2056.000000
2059.000000
2062.000000
2064.000000
2066.000000
2067.000000
2068.000000
2069.000000
2068.000000
2067.000000
2065.000000
2064.000000
2062.000000
2059.000000
2057.000000
2054.000000
2051.000000
2048.000000
2045.000000
2042.000000
2039.000000
2036.000000
2033.000000
2031.000000
2028.000000
2027.000000
2026.000000
2025.000000
2027.000000
2028.000000
2029.000000
2031.000000
2032.000000
2035.000000
2038.000000
2041.000000
2044.000000
2047.000000
2050.000000
2053.000000
2056.000000
2059.000000
2062.000000
2064.000000
2067.000000
2068.000000
2069.000000
2069.000000
2070.000000
2068.000000
2067.000000
2065.000000
2063.000000
2060.000000
2057.000000
2054.000000
2051.000000
2048.000000
2046.000000
2042.000000
2039.000000
2036.000000
2033.000000
2031.000000
2028.000000
2028.000000
2027.000000
2026.000000
2027.000000
2028.000000
2029.000000
2031.000000
2032.000000
2035.000000
2038.000000
2041.000000
2044.000000
2047.000000
2050.000000
2053.000000
2055.000000
2059.000000
2062.000000
2064.000000
2066.000000
2068.000000
2068.000000
2069.000000
2068.000000
2067.000000
2065.000000
2064.000000
2062.000000
2060.000000
2057.000000
2054.000000
2051.000000
2048.000000
2045.000000
2042.000000
2039.000000
2036.000000
2033.000000
2030.000000
2028.000000
2027.000000
2026.000000
2026.000000
2026.000000
2027.000000
2029.000000
2031.000000
2033.000000
2035.000000
2037.000000
2040.000000
2044.000000
2047.000000
2050.000000
2053.000000
2056.000000
2060.000000
2063.000000
2065.000000
2067.000000
2069.000000
2070.000000
2070.000000
2070.000000
2069.000000
2067.000000
2065.000000
2063.000000
2061.000000
2058.000000
2054.000000
2051.000000
2048.000000
2045.000000
2042.000000
2039.000000
2036.000000
2033.000000
2030.000000
2028.000000
2027.000000
2027.000000
2026.000000
2026.000000
2028.000000
2029.000000
2031.000000
2032.000000
2035.000000
2038.000000
2041.000000
2044.000000
2047.000000
2050.000000
2053.000000
2055.000000
2059.000000
2062.000000
2064.000000
2066.000000
2068.000000
2068.000000
2069.000000
2068.000000
2067.000000
2065.000000
2063.000000
2062.000000
2060.000000
2057.000000
2054.000000
2051.000000
2048.000000
2045.000000
2042.000000
2039.000000
2036.000000
2033.000000
2030.000000
2028.000000
2026.000000
2026.000000
2026.000000
2026.000000
2027.000000
2029.000000
2031.000000
2033.000000
2035.000000
2038.000000
2040.000000
2044.000000
2047.000000
2050.000000
2053.000000
2056.000000
2060.000000
2063.000000
2065.000000
2068.000000
2069.000000
2070.000000
2070.000000
2070.000000
2069.000000
2067.000000
2065.000000
2063.000000
2061.000000
2058.000000
2055.000000
2052.000000
2048.000000
2045.000000
2042.000000
2039.000000
2036.000000
2033.000000
2030.000000
2028.000000
2027.000000
2026.000000
2026.000000
2026.000000
2027.000000
2029.000000
2031.000000
2033.000000
2035.000000
2037.000000
2040.000000
2043.000000
2046.000000
2050.000000
2053.000000
2056.000000
2059.000000
2062.000000
2064.000000
2066.000000
2068.000000
2068.000000
2068.000000
2068.000000
2068.000000
2066.000000
2063.000000
2061.000000
2059.000000
2056.000000
2054.000000
2051.000000
2048.000000
2045.000000
2042.000000
2038.000000
2035.000000
2032.000000
2030.000000
2028.000000
2027.000000
2026.000000
2026.000000
2027.000000
2027.000000
2028.000000
2030.000000
2033.000000
2036.000000
2038.000000
2041.000000
2044.000000
2047.000000
2049.000000
2053.000000
2056.000000
2059.000000
2062.000000
2065.000000
2067.000000
2069.000000
2070.000000
2070.000000
2070.000000
2069.000000
2067.000000
2065.000000
2063.000000
2061.000000
2058.000000
2055.000000
2052.000000
2048.000000
2045.000000
2042.000000
2039.000000
2036.000000
2033.000000
2031.000000
2029.000000
2028.000000
2027.000000
2026.000000
2027.000000
2028.000000
2030.000000
2031.000000
2033.000000
2035.000000
2038.000000
2041.000000
2044.000000
2047.000000
2050.000000
2053.000000
2056.000000
2059.000000
2062.000000
2064.000000
2066.000000
2068.000000
2068.000000
2069.000000
2069.000000
2067.000000
2065.000000
2063.000000
2062.000000
2060.000000
2057.000000
2054.000000
2051.000000
2048.000000
2045.000000
2042.000000
2038.000000
2035.000000
2033.000000
2030.000000
2028.000000
2026.000000
2026.000000
2026.000000
2026.000000
2027.000000
2029.000000
2031.000000
2033.000000
2036.000000
2038.000000
2040.000000
2043.000000
2047.000000
2050.000000
2053.000000
2057.000000
2060.000000
2063.000000
2065.000000
2068.000000
2069.000000
2070.000000
2070.000000
2070.000000
2069.000000
2067.000000
2065.000000
2063.000000
2061.000000
2058.000000
2055.000000
2051.000000
2048.000000
2045.000000
2042.000000
2039.000000
2036.000000
2033.000000
2031.000000
2028.000000
2027.000000
2027.000000
2026.000000
2026.000000
2028.000000
2029.000000
2031.000000
2033.000000
2034.000000
2037.000000
2040.000000
2043.000000
2047.000000
2050.000000
2053.000000
2056.000000
2059.000000
2062.000000
2064.000000
2066.000000
2068.000000
2068.000000
2068.000000
2069.000000
2067.000000
2065.000000
2063.000000
2061.000000
2059.000000
2057.000000
2054.000000
2051.000000
2048.000000
2045.000000
2041.000000
2038.000000
2035.000000
2032.000000
2030.000000
2028.000000
2027.000000
2026.000000
2026.000000
2026.000000
2027.000000
2029.000000
2031.000000
2033.000000
2036.000000
2038.000000
2041.000000
2043.000000
2047.000000
2050.000000
2053.000000
2057.000000
2060.000000
2063.000000
2065.000000
2067.000000
2069.000000
2070.000000
2070.000000
2070.000000
2069.000000
2067.000000
2065.000000
2063.000000
2060.000000
2057.000000
2054.000000
2051.000000
2049.000000
2045.000000
2042.000000
2039.000000
2036.000000
2033.000000
2030.000000
2028.000000
2027.000000
2026.000000
2026.000000
2027.000000
2028.000000
2029.000000
2030.000000
2032.000000
2035.000000
2038.000000
2041.000000
2044.000000
2047.000000
2049.000000
2052.000000
2055.000000
2058.000000
2061.000000
2064.000000
2066.000000
2068.000000
2068.000000
2068.000000
2068.000000
2068.000000
2067.000000
2064.000000
2062.000000
2060.000000
2057.000000
2055.000000
2052.000000
2049.000000
2046.000000
2042.000000
2039.000000
2036.000000
2033.000000
2031.000000
2029.000000
2027.000000
2026.000000
2026.000000
2027.000000
2028.000000
2028.000000
2031.000000
2033.000000
2036.000000
2038.000000
2041.000000
2044.000000
2046.000000
2049.000000
2052.000000
2056.000000
2059.000000
2062.000000
2064.000000
2067.000000
2068.000000
2069.000000
2069.000000
2069.000000
2067.000000
2065.000000
2063.000000
2061.000000
2059.000000
2057.000000
2056.000000
2053.000000
2049.000000
2046.000000
2042.000000
2039.000000
2039.000000
