2048.000000
2057.000000
2065.000000
2074.000000
2081.000000
2088.000000
2094.000000
2098.000000
2102.000000
2104.000000
2103.000000
2103.000000
2103.000000
2101.000000
2097.000000
2092.000000
2088.000000
2083.000000
2079.000000
2074.000000
2070.000000
2063.000000
2057.000000
2050.000000
2045.000000
2040.000000
2037.000000
2035.000000
2032.000000
2034.000000
2037.000000
2039.000000
2042.000000
2044.000000
2048.000000
2055.000000
2062.000000
2069.000000
2076.000000
2083.000000
2090.000000
2098.000000
2106.000000
2114.000000
2121.000000
2127.000000
2130.000000
2133.000000
2135.000000
2136.000000
2132.000000
2128.000000
2124.000000
2121.000000
2117.000000
2113.000000
2105.000000
2096.000000
2087.000000
2078.000000
2070.000000
2059.000000
2049.000000
2040.000000
2031.000000
2023.000000
2016.000000
2013.000000
2009.000000
2005.000000
2003.000000
2006.000000
2008.000000
2011.000000
2014.000000
2016.000000
2019.000000
2022.000000
2029.000000
2036.000000
2043.000000
2050.000000
2058.000000
2065.000000
2072.000000
2078.000000
2083.000000
2085.000000
2087.000000
2088.000000
2084.000000
2081.000000
2077.000000
2074.000000
2066.000000
2057.000000
2049.000000
2040.000000
2031.000000
2022.000000
2014.000000
2003.000000
1992.000000
1981.000000
1972.000000
1962.000000
1956.000000
1951.000000
1945.000000
1943.000000
1944.000000
1945.000000
1946.000000
1946.000000
1947.000000
1951.000000
1958.000000
1965.000000
1972.000000
1978.000000
1985.000000
1994.000000
2003.000000
2011.000000
2019.000000
2026.000000
2032.000000
2036.000000
2040.000000
2044.000000
2043.000000
2041.000000
2039.000000
2038.000000
2036.000000
2034.000000
2032.000000
2026.000000
2020.000000
2014.000000
2008.000000
2001.000000
1994.000000
1988.000000
1982.000000
1978.000000
1973.000000
1973.000000
1973.000000
1972.000000
1972.000000
1977.000000
1983.000000
1989.000000
1995.000000
2001.000000
2007.000000
2013.000000
2019.000000
2029.000000
2038.000000
2048.000000
2058.000000
2068.000000
2077.000000
2085.000000
2092.000000
2097.000000
2102.000000
2104.000000
2105.000000
2106.000000
2107.000000
2105.000000
2102.000000
2098.000000
2095.000000
2091.000000
2088.000000
2084.000000
2078.000000
2072.000000
2066.000000
2061.000000
2056.000000
2052.000000
2049.000000
2047.000000
2046.000000
2048.000000
2050.000000
2052.000000
2054.000000
2057.000000
2063.000000
2070.000000
2077.000000
2083.000000
2090.000000
2097.000000
2103.000000
2112.000000
2120.000000
2128.000000
2134.000000
2140.000000
2143.000000
2147.000000
2150.000000
2148.000000
2145.000000
2142.000000
2139.000000
2136.000000
2133.000000
2124.000000
2116.000000
2107.000000
2099.000000
2091.000000
2082.000000
2072.000000
2062.000000
2052.000000
2043.000000
2035.000000
2029.000000
2024.000000
2019.000000
2015.000000
2016.000000
2017.000000
2019.000000
2020.000000
2022.000000
2023.000000
2027.000000
2033.000000
2040.000000
2046.000000
2052.000000
2060.000000
2067.000000
2074.000000
2081.000000
2087.000000
2091.000000
2094.000000
2095.000000
2095.000000
2092.000000
2089.000000
2086.000000
2081.000000
2072.000000
2064.000000
2056.000000
2047.000000
2039.000000
2030.000000
2019.000000
2008.000000
1997.000000
1986.000000
1977.000000
1969.000000
1962.000000
1955.000000
1951.000000
1950.000000
1949.000000
1948.000000
1947.000000
1949.000000
1954.000000
1960.000000
1966.000000
1971.000000
1977.000000
1982.000000
1988.000000
1997.000000
2006.000000
2014.000000
2022.000000
2029.000000
2035.000000
2040.000000
2044.000000
2044.000000
2044.000000
2044.000000
2044.000000
2044.000000
2042.000000
2037.000000
2031.000000
2026.000000
2021.000000
2016.000000
2011.000000
2004.000000
1997.000000
1990.000000
1985.000000
1980.000000
1977.000000
1975.000000
1973.000000
1973.000000
1977.000000
1981.000000
1986.000000
1990.000000
1994.000000
1998.000000
2006.000000
2015.000000
2024.000000
2032.000000
2041.000000
2051.000000
2061.000000
2070.000000
2079.000000
2087.000000
2094.000000
2099.000000
2104.000000
2106.000000
2107.000000
2108.000000
2109.000000
2107.000000
2103.000000
2100.000000
2096.000000
2092.000000
2089.000000
2085.000000
2079.000000
2073.000000
2067.000000
2061.000000
2056.000000
2053.000000
2050.000000
2047.000000
2046.000000
2048.000000
2050.000000
2052.000000
2055.000000
2057.000000
2064.000000
2070.000000
2077.000000
2084.000000
2090.000000
2097.000000
2104.000000
2112.000000
2120.000000
2128.000000
2135.000000
2141.000000
2144.000000
2147.000000
2150.000000
2148.000000
2145.000000
2142.000000
2139.000000
2136.000000
2133.000000
2125.000000
2117.000000
2108.000000
2100.000000
2091.000000
2082.000000
2072.000000
2062.000000
2052.000000
2043.000000
2035.000000
2029.000000
2024.000000
2019.000000
2015.000000
2016.000000
2018.000000
2019.000000
2021.000000
2022.000000
2024.000000
2027.000000
2033.000000
2040.000000
2046.000000
2052.000000
2060.000000
2067.000000
2075.000000
2081.000000
2087.000000
2092.000000
2094.000000
2096.000000
2095.000000
2092.000000
2090.000000
2087.000000
2080.000000
2072.000000
2064.000000
2056.000000
2048.000000
2040.000000
2030.000000
2019.000000
2008.000000
1997.000000
1986.000000
1976.000000
1969.000000
1962.000000
1954.000000
1952.000000
1950.000000
1949.000000
1947.000000
1946.000000
1950.000000
1956.000000
1961.000000
1966.000000
1972.000000
1977.000000
1982.000000
1988.000000
1996.000000
2005.000000
2014.000000
2022.000000
2029.000000
2034.000000
2040.000000
2043.000000
2044.000000
2044.000000
2045.000000
2045.000000
2046.000000
2041.000000
2036.000000
2031.000000
2026.000000
2021.000000
2016.000000
2011.000000
2004.000000
1997.000000
1991.000000
1985.000000
1980.000000
1978.000000
1975.000000
1973.000000
1975.000000
1978.000000
1982.000000
1985.000000
1988.000000
1992.000000
1999.000000
2007.000000
2016.000000
2024.000000
2033.000000
2041.000000
2051.000000
2061.000000
2070.000000
2079.000000
2087.000000
2094.000000
2099.000000
2103.000000
2107.000000
2107.000000
2107.000000
2107.000000
2108.000000
2104.000000
2100.000000
2096.000000
2092.000000
2088.000000
2084.000000
2080.000000
2073.000000
2067.000000
2061.000000
2056.000000
2052.000000
2049.000000
2047.000000
2045.000000
2047.000000
2050.000000
2053.000000
2056.000000
2059.000000
2063.000000
2068.000000
2075.000000
2083.000000
2090.000000
2097.000000
2105.000000
2113.000000
2121.000000
2129.000000
2135.000000
2141.000000
2145.000000
2147.000000
2149.000000
2150.000000
2147.000000
2143.000000
2138.000000
2133.000000
2129.000000
2124.000000
2119.000000
2110.000000
2101.000000
2092.000000
2082.000000
2072.000000
2062.000000
2052.000000
2043.000000
2036.000000
2028.000000
2024.000000
2021.000000
2017.000000
2014.000000
2015.000000
2018.000000
2021.000000
2024.000000
2028.000000
2031.000000
2034.000000
2037.000000
2044.000000
2051.000000
2059.000000
2067.000000
2074.000000
2080.000000
2086.000000
2091.000000
2093.000000
2095.000000
2094.000000
2092.000000
2089.000000
2086.000000
2080.000000
2072.000000
2064.000000
2056.000000
2047.000000
2039.000000
2030.000000
2019.000000
2008.000000
1997.000000
1987.000000
1977.000000
1969.000000
1962.000000
1955.000000
1952.000000
1950.000000
1949.000000
1948.000000
1947.000000
1949.000000
1955.000000
1961.000000
1966.000000
1972.000000
1977.000000
1983.000000
1988.000000
1997.000000
2006.000000
2015.000000
2023.000000
2030.000000
2035.000000
2040.000000
2044.000000
2044.000000
2044.000000
2044.000000
2044.000000
2044.000000
2042.000000
2037.000000
2032.000000
2026.000000
2021.000000
2016.000000
2011.000000
2004.000000
1997.000000
1991.000000
1985.000000
1980.000000
1977.000000
1975.000000
1973.000000
1974.000000
1978.000000
1982.000000
1986.000000
1989.000000
1993.000000
1998.000000
2007.000000
2015.000000
2024.000000
2032.000000
2041.000000
2051.000000
2061.000000
2070.000000
2079.000000
2087.000000
2094.000000
2099.000000
2104.000000
2106.000000
2107.000000
2108.000000
2108.000000
2107.000000
2103.000000
2100.000000
2096.000000
2092.000000
2088.000000
2085.000000
2079.000000
2073.000000
2067.000000
2062.000000
2056.000000
2053.000000
2050.000000
2048.000000
2045.000000
2048.000000
2050.000000
2053.000000
2055.000000
2057.000000
2063.000000
2070.000000
2077.000000
2084.000000
2090.000000
2097.000000
2104.000000
2112.000000
2120.000000
2128.000000
2135.000000
2141.000000
2144.000000
2147.000000
2150.000000
2149.000000
2145.000000
2142.000000
2138.000000
2135.000000
2132.000000
2126.000000
2117.000000
2108.000000
2100.000000
2091.000000
2082.000000
2072.000000
2062.000000
2052.000000
2043.000000
2035.000000
2029.000000
2024.000000
2020.000000
2015.000000
2015.000000
2017.000000
2019.000000
2021.000000
2023.000000
2025.000000
2027.000000
2033.000000
2039.000000
2046.000000
2052.000000
2060.000000
2067.000000
2075.000000
2081.000000
2087.000000
2091.000000
2094.000000
2095.000000
2094.000000
2094.000000
2091.000000
2085.000000
2078.000000
2072.000000
2066.000000
2059.000000
2049.000000
2039.000000
2029.000000
2018.000000
2007.000000
1996.000000
1986.000000
1976.000000
1968.000000
1960.000000
1956.000000
1952.000000
1948.000000
1945.000000
1947.000000
1950.000000
1954.000000
1957.000000
1961.000000
1964.000000
1968.000000
1973.000000
1981.000000
1989.000000
1998.000000
2006.000000
2015.000000
2023.000000
2029.000000
2035.000000
2041.000000
2043.000000
2044.000000
2046.000000
2047.000000
2047.000000
2042.000000
2038.000000
2034.000000
2030.000000
2025.000000
2021.000000
2017.000000
2013.000000
2006.000000
1999.000000
1992.000000
1986.000000
1982.000000
1978.000000
1975.000000
1975.000000
1977.000000
1979.000000
1980.000000
1982.000000
1987.000000
1995.000000
2002.000000
2010.000000
2017.000000
2024.000000
2032.000000
2039.000000
2049.000000
2059.000000
2069.000000
2078.000000
2086.000000
2092.000000
2098.000000
2103.000000
2104.000000
2106.000000
2107.000000
2108.000000
2105.000000
2102.000000
2099.000000
2096.000000
2093.000000
2090.000000
2085.000000
2079.000000
2073.000000
2067.000000
2061.000000
2056.000000
2053.000000
2050.000000
2047.000000
2047.000000
2049.000000
2050.000000
2051.000000
2053.000000
2059.000000
2065.000000
2072.000000
2078.000000
2084.000000
2091.000000
2097.000000
2103.000000
2112.000000
2120.000000
2128.000000
2135.000000
2140.000000
2144.000000
2148.000000
2149.000000
2147.000000
2145.000000
2143.000000
2141.000000
2139.000000
2131.000000
2123.000000
2115.000000
2107.000000
2099.000000
2091.000000
2084.000000
2073.000000
2063.000000
2053.000000
2044.000000
2036.000000
2030.000000
2024.000000
2018.000000
2018.000000
2018.000000
2018.000000
2018.000000
2019.000000
2019.000000
2024.000000
2030.000000
2035.000000
2041.000000
2046.000000
2052.000000
2060.000000
2067.000000
2074.000000
2081.000000
2087.000000
2092.000000
2094.000000
2096.000000
2095.000000
2092.000000
2090.000000
2087.000000
2080.000000
2072.000000
2064.000000
2056.000000
2048.000000
2040.000000
2030.000000
2019.000000
2008.000000
1997.000000
1986.000000
1976.000000
1969.000000
1962.000000
1955.000000
1951.000000
1950.000000
1949.000000
1947.000000
1946.000000
1950.000000
1955.000000
1961.000000
1966.000000
1971.000000
1977.000000
1982.000000
1988.000000
1997.000000
2005.000000
2014.000000
2022.000000
2029.000000
2034.000000
2040.000000
2044.000000
2044.000000
2044.000000
2044.000000
2045.000000
2045.000000
2041.000000
2036.000000
2031.000000
2026.000000
2021.000000
2016.000000
2011.000000
2004.000000
1997.000000
1991.000000
1985.000000
1980.000000
1977.000000
1975.000000
1973.000000
1974.000000
1978.000000
1982.000000
1985.000000
1989.000000
1992.000000
1999.000000
2007.000000
2016.000000
2024.000000
2033.000000
2041.000000
2051.000000
2061.000000
2070.000000
2079.000000
2087.000000
2094.000000
2099.000000
2103.000000
2107.000000
2107.000000
2107.000000
2108.000000
2108.000000
2104.000000
2100.000000
2096.000000
2092.000000
2088.000000
2084.000000
2080.000000
2073.000000
2067.000000
2061.000000
2056.000000
2052.000000
2050.000000
2048.000000
2046.000000
2047.000000
2050.000000
2053.000000
2056.000000
2059.000000
2063.000000
2068.000000
2075.000000
2083.000000
2090.000000
2097.000000
2105.000000
2113.000000
2121.000000
2129.000000
2135.000000
2141.000000
2145.000000
2147.000000
2149.000000
2151.000000
2147.000000
2143.000000
2138.000000
2133.000000
2129.000000
2124.000000
2120.000000
2110.000000
2101.000000
2092.000000
2082.000000
2072.000000
2062.000000
2052.000000
2043.000000
2036.000000
2028.000000
2024.000000
2021.000000
2017.000000
2014.000000
2015.000000
2018.000000
2021.000000
2025.000000
2028.000000
2031.000000
2034.000000
2037.000000
2044.000000
2051.000000
2059.000000
2067.000000
2074.000000
2080.000000
2086.000000
2091.000000
2093.000000
2095.000000
2094.000000
2092.000000
2089.000000
2086.000000
2080.000000
2072.000000
2064.000000
2056.000000
2047.000000
2039.000000
2030.000000
2019.000000
2008.000000
1997.000000
1987.000000
1977.000000
1969.000000
1962.000000
1955.000000
1951.000000
1950.000000
1949.000000
1948.000000
1947.000000
1949.000000
1955.000000
1960.000000
1966.000000
1972.000000
1977.000000
1983.000000
1988.000000
1997.000000
2006.000000
2015.000000
2023.000000
2030.000000
2035.000000
2040.000000
2045.000000
2045.000000
2044.000000
2044.000000
2044.000000
2044.000000
2042.000000
2037.000000
2032.000000
2026.000000
2021.000000
2016.000000
2011.000000
2004.000000
1997.000000
1991.000000
1985.000000
1980.000000
1977.000000
1975.000000
1973.000000
1974.000000
1978.000000
1982.000000
1986.000000
1989.000000
1993.000000
1998.000000
2006.000000
2015.000000
2024.000000
2032.000000
2041.000000
2051.000000
2061.000000
2070.000000
2079.000000
2087.000000
2094.000000
2099.000000
2104.000000
2106.000000
2107.000000
2108.000000
2108.000000
2107.000000
2103.000000
2100.000000
2096.000000
2092.000000
2089.000000
2085.000000
2079.000000
2073.000000
2067.000000
2061.000000
2056.000000
2053.000000
2050.000000
2048.000000
2046.000000
2048.000000
2050.000000
2053.000000
2055.000000
2057.000000
2063.000000
2070.000000
2077.000000
2084.000000
2090.000000
2097.000000
2104.000000
2112.000000
2120.000000
2128.000000
2135.000000
2141.000000
2144.000000
2147.000000
2150.000000
2148.000000
2145.000000
2142.000000
2139.000000
2135.000000
2132.000000
2125.000000
2117.000000
2108.000000
2100.000000
2091.000000
2082.000000
2072.000000
2062.000000
2052.000000
2043.000000
2035.000000
2029.000000
2024.000000
2020.000000
2015.000000
2016.000000
2017.000000
2019.000000
2021.000000
2023.000000
2024.000000
2027.000000
2033.000000
2039.000000
2046.000000
2052.000000
2060.000000
2067.000000
2075.000000
2081.000000
2087.000000
2092.000000
2094.000000
2096.000000
2095.000000
2093.000000
2091.000000
2086.000000
2079.000000
2072.000000
2064.000000
2057.000000
2050.000000
2040.000000
2029.000000
2019.000000
2007.000000
1996.000000
1986.000000
1976.000000
1969.000000
1961.000000
1955.000000
1952.000000
1950.000000
1947.000000
1945.000000
1948.000000
1953.000000
1958.000000
1962.000000
1967.000000
1972.000000
1977.000000
1982.000000
1986.000000
1995.000000
2004.000000
2013.000000
2021.000000
2029.000000
2034.000000
2038.000000
2042.000000
2046.000000
2048.000000
2046.000000
2044.000000
2043.000000
2041.000000
2039.000000
2036.000000
2031.000000
2025.000000
2019.000000
2013.000000
2006.000000
1999.000000
1993.000000
1987.000000
1982.000000
1978.000000
1977.000000
1977.000000
1976.000000
1976.000000
1981.000000
1987.000000
1992.000000
1998.000000
2003.000000
2009.000000
2015.000000
2022.000000
2031.000000
2041.000000
2050.000000
2060.000000
2069.000000
2078.000000
2086.000000
2092.000000
2097.000000
2100.000000
2099.000000
2098.000000
2097.000000
2096.000000
2095.000000
2094.000000
2093.000000
2088.000000
2081.000000
2074.000000
2067.000000
2060.000000
2060.000000
