0.500000
0.500000
0.500244
0.500244
0.500244
0.500244
0.500000
0.499756
0.499268
0.498779
0.498047
0.497070
0.496338
0.495361
0.493896
0.492188
0.490723
0.489258
0.487793
0.486328
0.484863
0.482910
0.480957
0.479248
0.477295
0.475342
0.473389
0.471436
0.469482
0.467773
0.466064
0.464355
0.462646
0.460693
0.459229
0.457764
0.456299
0.454834
0.453369
0.451904
0.450439
0.449219
0.447998
0.447021
0.446045
0.444824
0.444092
0.443115
0.442383
0.441650
0.440918
0.440430
0.439941
0.439209
0.438721
0.438232
0.437988
0.437744
0.437500
0.437256
0.437012
0.436768
0.436768
0.437012
0.437012
0.437256
0.437256
0.437744
0.437988
0.438232
0.438721
0.439209
0.439697
0.440186
0.440918
0.441406
0.441895
0.442383
0.443115
0.443848
0.444336
0.445068
0.445801
0.446533
0.447510
0.448242
0.449219
0.450195
0.451172
0.452393
0.453857
0.455322
0.457031
0.458496
0.460693
0.462646
0.464844
0.467041
0.469238
0.471191
0.473389
0.475830
0.478271
0.480957
0.483398
0.486084
0.488525
0.491211
0.493652
0.496338
0.498779
0.501221
0.503662
0.506104
0.508545
0.510742
0.512939
0.515137
0.517334
0.519531
0.521729
0.523438
0.525391
0.527100
0.528809
0.530273
0.531738
0.533203
0.534424
0.535889
0.536865
0.537598
0.538574
0.539551
0.540283
0.541260
0.541992
0.542480
0.543213
0.543701
0.544189
0.544434
0.544678
0.544922
0.545166
0.545166
0.545410
0.545410
0.545410
0.545410
0.545654
0.545410
0.545410
0.545166
0.544922
0.544922
0.544678
0.544678
0.544434
0.544189
0.543945
0.543457
0.543213
0.542725
0.542480
0.541992
0.541260
0.540527
0.539795
0.538574
0.537109
0.535889
0.534668
0.532959
0.530762
0.528809
0.526855
0.524902
0.522949
0.520996
0.518555
0.516113
0.513672
0.511230
0.508789
0.506348
0.503906
0.501465
0.499023
0.496826
0.494385
0.492188
0.489746
0.487549
0.485596
0.483643
0.481689
0.479736
0.477783
0.475830
0.473877
0.472168
0.470703
0.468994
0.467529
0.466064
0.464844
0.463623
0.462158
0.461182
0.460205
0.459229
0.458252
0.457275
0.456299
0.455566
0.455078
0.454346
0.453613
0.453125
0.452393
0.452148
0.451660
0.451416
0.451172
0.451172
0.451172
0.451172
0.451172
0.451172
0.451416
0.451660
0.451660
0.451904
0.452148
0.452393
0.452881
0.453125
0.453613
0.454102
0.454590
0.455078
0.455566
0.456055
0.456543
0.457275
0.457764
0.458740
0.459473
0.460693
0.461914
0.463135
0.464600
0.466064
0.468018
0.469971
0.471680
0.473633
0.475586
0.477539
0.479736
0.482178
0.484375
0.486816
0.489258
0.491699
0.494141
0.496582
0.499023
0.501465
0.503662
0.506104
0.508545
0.510742
0.512939
0.515137
0.517090
0.519287
0.521240
0.523438
0.525635
0.527344
0.529053
0.530762
0.532227
0.533936
0.535156
0.536621
0.537842
0.538818
0.539795
0.540771
0.541748
0.542725
0.543457
0.543945
0.544434
0.544922
0.545410
0.546143
0.546631
0.546875
0.547119
0.547363
0.547363
0.547607
0.547607
0.547607
0.547607
0.547607
0.547363
0.547363
0.547119
0.547119
0.546875
0.546875
0.546631
0.546143
0.545898
0.545654
0.545410
0.545166
0.544678
0.544189
0.543945
0.543213
0.542725
0.541992
0.541016
0.539795
0.538574
0.537109
0.535889
0.534180
0.532227
0.530029
0.528076
0.526123
0.524170
0.521973
0.519775
0.517334
0.514893
0.512207
0.509766
0.507324
0.504883
0.502441
0.500000
0.497559
0.495361
0.492920
0.490723
0.488281
0.486328
0.484375
0.482422
0.480469
0.478516
0.476563
0.474609
0.472900
0.471191
0.469727
0.468262
0.466797
0.465332
0.464111
0.462891
0.461670
0.460693
0.459717
0.458740
0.457764
0.456543
0.456055
0.455322
0.454590
0.454102
0.453369
0.452881
0.452393
0.452148
0.451660
0.451660
0.451416
0.451416
0.451416
0.451416
0.451172
0.451416
0.451660
0.451904
0.452148
0.452393
0.452637
0.452881
0.453369
0.453857
0.454102
0.454590
0.455078
0.455566
0.456055
0.456787
0.457275
0.458008
0.458740
0.459717
0.460693
0.461914
0.463135
0.464600
0.466309
0.468018
0.469971
0.471680
0.473633
0.475586
0.477539
0.479980
0.482178
0.484619
0.486816
0.489258
0.491699
0.494141
0.496582
0.499023
0.501465
0.503906
0.506348
0.508545
0.510742
0.512939
0.514893
0.517090
0.519287
0.521240
0.523438
0.525635
0.527344
0.529053
0.530762
0.532471
0.533936
0.535156
0.536621
0.537842
0.538818
0.539795
0.540771
0.541748
0.542725
0.543213
0.543945
0.544434
0.544922
0.545410
0.546143
0.546631
0.546875
0.547119
0.547363
0.547363
0.547607
0.547607
0.547607
0.547607
0.547607
0.547363
0.547363
0.547119
0.547119
0.547119
0.546875
0.546387
0.546143
0.545898
0.545654
0.545410
0.545166
0.544678
0.544189
0.543945
0.543457
0.542725
0.541992
0.541016
0.540039
0.538574
0.537109
0.535645
0.534180
0.532227
0.530273
0.528076
0.526123
0.523926
0.521729
0.519775
0.517334
0.514893
0.512451
0.509766
0.507324
0.504883
0.502441
0.500000
0.497559
0.495361
0.493164
0.490723
0.488525
0.486328
0.484131
0.482178
0.480225
0.478516
0.476563
0.474609
0.472900
0.471191
0.469727
0.468262
0.466797
0.465332
0.464111
0.462891
0.461670
0.460693
0.459717
0.458740
0.457764
0.457031
0.456055
0.455078
0.454590
0.453857
0.453369
0.452881
0.452393
0.452148
0.451660
0.451660
0.451416
0.451172
0.451172
0.451416
0.451416
0.451416
0.451660
0.451904
0.452148
0.452637
0.452881
0.453125
0.453369
0.453613
0.454102
0.454590
0.455078
0.455566
0.456055
0.456787
0.457275
0.458008
0.458740
0.459717
0.460693
0.462158
0.463379
0.464600
0.466309
0.468262
0.469971
0.471924
0.473877
0.475586
0.477783
0.479980
0.482178
0.484619
0.487061
0.489502
0.491943
0.494385
0.496826
0.499268
0.501465
0.503906
0.506348
0.508789
0.510986
0.512939
0.515137
0.517334
0.519287
0.521484
0.523438
0.525635
0.527344
0.529297
0.530762
0.532471
0.533936
0.535156
0.536621
0.537842
0.538818
0.539795
0.540771
0.541748
0.542725
0.543457
0.543945
0.544434
0.544922
0.545410
0.546143
0.546631
0.546875
0.547119
0.547119
0.547363
0.547363
0.547607
0.547607
0.547607
0.547607
0.547363
0.547363
0.547119
0.547119
0.546875
0.546875
0.546387
0.546143
0.545898
0.545654
0.545410
0.544922
0.544678
0.544189
0.543701
0.543213
0.542725
0.541748
0.541016
0.539795
0.538574
0.537109
0.535645
0.534180
0.531982
0.530029
0.528076
0.526123
0.523926
0.521973
0.519775
0.517334
0.514648
0.512207
0.509766
0.507324
0.504883
0.502441
0.500000
0.497559
0.495361
0.492920
0.490723
0.488281
0.486328
0.484375
0.482422
0.480469
0.478516
0.476563
0.474609
0.472900
0.471191
0.469727
0.468262
0.466797
0.465332
0.464111
0.462891
0.461670
0.460693
0.459717
0.458740
0.457764
0.456787
0.455811
0.455322
0.454590
0.454102
0.453369
0.452881
0.452393
0.452148
0.451660
0.451416
0.451416
0.451172
0.451172
0.451172
0.451172
0.451416
0.451660
0.451904
0.452148
0.452393
0.452637
0.452881
0.453369
0.453857
0.454102
0.454590
0.455078
0.455566
0.456055
0.456787
0.457275
0.458008
0.458740
0.459717
0.460693
0.461914
0.463135
0.464844
0.466309
0.468018
0.469727
0.471436
0.473633
0.475586
0.477783
0.479980
0.482178
0.484619
0.487061
0.489258
0.491699
0.494141
0.496582
0.499023
0.501465
0.503906
0.506104
0.508545
0.510742
0.512939
0.515137
0.517334
0.519531
0.521729
0.523682
0.525635
0.527344
0.529053
0.530762
0.532471
0.533691
0.535156
0.536621
0.537598
0.538818
0.539795
0.541016
0.541748
0.542480
0.542969
0.543701
0.544189
0.544922
0.545410
0.545898
0.546631
0.546875
0.547119
0.547363
0.547363
0.547363
0.547607
0.547607
0.547607
0.547607
0.547363
0.547363
0.547363
0.547119
0.546875
0.546631
0.546387
0.546143
0.545898
0.545654
0.545410
0.545166
0.544678
0.544189
0.543701
0.543213
0.542725
0.541748
0.541016
0.539795
0.538330
0.537109
0.535645
0.533936
0.531982
0.530029
0.528076
0.526123
0.524170
0.521729
0.519531
0.517090
0.514404
0.511963
0.509521
0.507080
0.504639
0.502197
0.499756
0.497314
0.495117
0.492676
0.490479
0.488281
0.486328
0.484375
0.482422
0.480469
0.478516
0.476318
0.474365
0.472656
0.471191
0.469482
0.468018
0.466553
0.465332
0.463867
0.462891
0.461670
0.460693
0.459473
0.458496
0.457520
0.456787
0.456055
0.455566
0.454834
0.454102
0.453369
0.452881
0.452393
0.452148
0.451660
0.451660
0.451416
0.451416
0.451172
0.451172
0.451416
0.451660
0.451660
0.451904
0.452148
0.452393
0.452637
0.453125
0.453613
0.453857
0.454346
0.454590
0.455078
0.455566
0.456299
0.456787
0.457275
0.458008
0.458740
0.459717
0.460693
0.461914
0.463379
0.464600
0.466309
0.468018
0.469971
0.471924
0.473633
0.475586
0.477539
0.479980
0.482178
0.484619
0.486816
0.489258
0.491699
0.494141
0.496582
0.499023
0.501465
0.503906
0.506348
0.508545
0.510742
0.512939
0.515137
0.517090
0.519287
0.521240
0.523438
0.525635
0.527344
0.529053
0.530762
0.532471
0.533936
0.535156
0.536621
0.537842
0.538818
0.539795
0.540771
0.541748
0.542725
0.543457
0.543945
0.544434
0.544922
0.545654
0.546143
0.546631
0.546875
0.547119
0.547363
0.547363
0.547607
0.547607
0.547607
0.547607
0.547607
0.547363
0.547363
0.547363
0.547119
0.547119
0.546875
0.546631
0.546387
0.545898
0.545654
0.545410
0.545166
0.544678
0.544434
0.543945
0.543457
0.542725
0.541992
0.541016
0.540039
0.538574
0.537109
0.535645
0.534180
0.532227
0.530273
0.528076
0.526123
0.523926
0.521973
0.519775
0.517334
0.514893
0.512451
0.509766
0.507324
0.504883
0.502441
0.500000
0.497559
0.495361
0.493164
0.490967
0.488525
0.486328
0.484131
0.482178
0.480469
0.478516
0.476563
0.474609
0.472900
0.471191
0.469727
0.468262
0.466797
0.465332
0.464111
0.462891
0.461670
0.460693
0.459717
0.458740
0.457764
0.457031
0.456055
0.455078
0.454590
0.453857
0.453369
0.452881
0.452393
0.452148
0.451660
0.451660
0.451416
0.451172
0.451416
0.451416
0.451416
0.451416
0.451660
0.451904
0.452148
0.452637
0.452881
0.453125
0.453369
0.453613
0.454102
0.454590
0.455078
0.455566
0.456055
0.456787
0.457275
0.458008
0.458740
0.459717
0.460693
0.462158
0.463379
0.464600
0.466309
0.468262
0.469971
0.471924
0.473877
0.475586
0.477783
0.479980
0.482178
0.484619
0.487061
0.489502
0.491943
0.494385
0.496826
0.499268
0.501465
0.503906
0.506348
0.508789
0.510986
0.512939
0.515137
0.517334
0.519287
0.521484
0.523438
0.525635
0.527344
0.529297
0.530762
0.532471
0.533936
0.535156
0.536621
0.537842
0.538818
0.539795
0.540771
0.541748
0.542725
0.543457
0.543945
0.544434
0.544922
0.545410
0.546143
0.546631
0.546875
0.547119
0.547119
0.547363
0.547363
0.547607
0.547607
0.547607
0.547607
0.547363
0.547363
0.547119
0.547119
0.546875
0.546875
0.546387
0.546143
0.545898
0.545654
0.545410
0.544922
0.544678
0.544189
0.543701
0.543213
0.542725
0.541748
0.541016
0.539795
0.538574
0.537109
0.535645
0.534180
0.531982
0.530029
0.528076
0.526123
0.523926
0.521973
0.519775
0.517090
0.514648
0.512207
0.509766
0.507324
0.504883
0.502441
0.500000
0.497559
0.495361
0.492920
0.490723
0.488281
0.486328
0.484375
0.482422
0.480469
0.478516
0.476563
0.474609
0.472900
0.471191
0.469727
0.468262
0.466797
0.465332
0.464111
0.462891
0.461670
0.460693
0.459717
0.458740
0.457764
0.456543
0.455811
0.455322
0.454590
0.454102
0.453369
0.452881
0.452393
0.452148
0.451660
0.451416
0.451416
0.451172
0.451172
0.451172
0.451172
0.451416
0.451660
0.451904
0.452148
0.452393
0.452637
0.452881
0.453369
0.453857
0.454102
0.454590
0.455078
0.455566
0.456055
0.456787
0.457275
0.458008
0.458740
0.459473
0.460693
0.461914
0.463135
0.464600
0.466309
0.468018
0.469971
0.471680
0.473389
0.475586
0.477783
0.479980
0.482178
0.484619
0.487061
0.489258
0.491699
0.494141
0.496582
0.499023
0.501465
0.503906
0.506348
0.508545
0.510742
0.512695
0.514893
0.517090
0.519043
0.521240
0.523438
0.525635
0.527344
0.529053
0.530762
0.532227
0.533936
0.535156
0.536377
0.537598
0.538818
0.540039
0.540771
0.541504
0.542480
0.543213
0.543945
0.544678
0.545166
0.545654
0.546143
0.546631
0.546875
0.547119
0.547363
0.547363
0.547363
0.547607
0.547607
0.547607
0.547607
0.547607
0.547363
0.547119
0.547119
0.546875
0.546631
0.546387
0.546387
0.546143
0.545654
0.545410
0.545166
0.544678
0.544189
0.543945
0.543457
0.542969
0.542480
0.541992
0.541260
0.540771
0.540039
0.539551
0.539063
0.538330
0.537842
0.537109
0.536621
0.535889
0.535156
0.534668
0.534668
