0.500000
0.502197
0.504150
0.506348
0.508057
0.509766
0.511230
0.512207
0.513184
0.513672
0.513428
0.513428
0.513428
0.512939
0.511963
0.510742
0.509766
0.508545
0.507568
0.506348
0.505371
0.503662
0.502197
0.500488
0.499268
0.498047
0.497314
0.496826
0.496094
0.496582
0.497314
0.497803
0.498535
0.499023
0.500000
0.501709
0.503418
0.505127
0.506836
0.508545
0.510254
0.512207
0.514160
0.516113
0.517822
0.519287
0.520020
0.520752
0.521240
0.521484
0.520508
0.519531
0.518555
0.517822
0.516846
0.515869
0.513916
0.511719
0.509521
0.507324
0.505371
0.502686
0.500244
0.498047
0.495850
0.493896
0.492188
0.491455
0.490479
0.489502
0.489014
0.489746
0.490234
0.490967
0.491699
0.492188
0.492920
0.493652
0.495361
0.497070
0.498779
0.500488
0.502441
0.504150
0.505859
0.507324
0.508545
0.509033
0.509521
0.509766
0.508789
0.508057
0.507080
0.506348
0.504395
0.502197
0.500244
0.498047
0.495850
0.493652
0.491699
0.489014
0.486328
0.483643
0.481445
0.479004
0.477539
0.476318
0.474854
0.474365
0.474609
0.474854
0.475098
0.475098
0.475342
0.476318
0.478027
0.479736
0.481445
0.482910
0.484619
0.486816
0.489014
0.490967
0.492920
0.494629
0.496094
0.497070
0.498047
0.499023
0.498779
0.498291
0.497803
0.497559
0.497070
0.496582
0.496094
0.494629
0.493164
0.491699
0.490234
0.488525
0.486816
0.485352
0.483887
0.482910
0.481689
0.481689
0.481689
0.481445
0.481445
0.482666
0.484131
0.485596
0.487061
0.488525
0.489990
0.491455
0.492920
0.495361
0.497559
0.500000
0.502441
0.504883
0.507080
0.509033
0.510742
0.511963
0.513184
0.513672
0.513916
0.514160
0.514404
0.513916
0.513184
0.512207
0.511475
0.510498
0.509766
0.508789
0.507324
0.505859
0.504395
0.503174
0.501953
0.500977
0.500244
0.499756
0.499512
0.500000
0.500488
0.500977
0.501465
0.502197
0.503662
0.505371
0.507080
0.508545
0.510254
0.511963
0.513428
0.515625
0.517578
0.519531
0.520996
0.522461
0.523193
0.524170
0.524902
0.524414
0.523682
0.522949
0.522217
0.521484
0.520752
0.518555
0.516602
0.514404
0.512451
0.510498
0.508301
0.505859
0.503418
0.500977
0.498779
0.496826
0.495361
0.494141
0.492920
0.491943
0.492188
0.492432
0.492920
0.493164
0.493652
0.493896
0.494873
0.496338
0.498047
0.499512
0.500977
0.502930
0.504639
0.506348
0.508057
0.509521
0.510498
0.511230
0.511475
0.511475
0.510742
0.510010
0.509277
0.508057
0.505859
0.503906
0.501953
0.499756
0.497803
0.495605
0.492920
0.490234
0.487549
0.484863
0.482666
0.480713
0.479004
0.477295
0.476318
0.476074
0.475830
0.475586
0.475342
0.475830
0.477051
0.478516
0.479980
0.481201
0.482666
0.483887
0.485352
0.487549
0.489746
0.491699
0.493652
0.495361
0.496826
0.498047
0.499023
0.499023
0.499023
0.499023
0.499023
0.499023
0.498535
0.497314
0.495850
0.494629
0.493408
0.492188
0.490967
0.489258
0.487549
0.485840
0.484619
0.483398
0.482666
0.482178
0.481689
0.481689
0.482666
0.483643
0.484863
0.485840
0.486816
0.487793
0.489746
0.491943
0.494141
0.496094
0.498291
0.500732
0.503174
0.505371
0.507568
0.509521
0.511230
0.512451
0.513672
0.514160
0.514404
0.514648
0.514893
0.514404
0.513428
0.512695
0.511719
0.510742
0.510010
0.509033
0.507568
0.506104
0.504639
0.503174
0.501953
0.501221
0.500488
0.499756
0.499512
0.500000
0.500488
0.500977
0.501709
0.502197
0.503906
0.505371
0.507080
0.508789
0.510254
0.511963
0.513672
0.515625
0.517578
0.519531
0.521240
0.522705
0.523438
0.524170
0.524902
0.524414
0.523682
0.522949
0.522217
0.521484
0.520752
0.518799
0.516846
0.514648
0.512695
0.510498
0.508301
0.505859
0.503418
0.500977
0.498779
0.496826
0.495361
0.494141
0.492920
0.491943
0.492188
0.492676
0.492920
0.493408
0.493652
0.494141
0.494873
0.496338
0.498047
0.499512
0.500977
0.502930
0.504639
0.506592
0.508057
0.509521
0.510742
0.511230
0.511719
0.511475
0.510742
0.510254
0.509521
0.507813
0.505859
0.503906
0.501953
0.500000
0.498047
0.495605
0.492920
0.490234
0.487549
0.484863
0.482422
0.480713
0.479004
0.477051
0.476563
0.476074
0.475830
0.475342
0.475098
0.476074
0.477539
0.478760
0.479980
0.481445
0.482666
0.483887
0.485352
0.487305
0.489502
0.491699
0.493652
0.495361
0.496582
0.498047
0.498779
0.499023
0.499023
0.499268
0.499268
0.499512
0.498291
0.497070
0.495850
0.494629
0.493408
0.492188
0.490967
0.489258
0.487549
0.486084
0.484619
0.483398
0.482910
0.482178
0.481689
0.482178
0.482910
0.483887
0.484619
0.485352
0.486328
0.488037
0.489990
0.492188
0.494141
0.496338
0.498291
0.500732
0.503174
0.505371
0.507568
0.509521
0.511230
0.512451
0.513428
0.514404
0.514404
0.514404
0.514404
0.514648
0.513672
0.512695
0.511719
0.510742
0.509766
0.508789
0.507813
0.506104
0.504639
0.503174
0.501953
0.500977
0.500244
0.499756
0.499268
0.499756
0.500488
0.501221
0.501953
0.502686
0.503662
0.504883
0.506592
0.508545
0.510254
0.511963
0.513916
0.515869
0.517822
0.519775
0.521240
0.522705
0.523682
0.524170
0.524658
0.524902
0.524170
0.523193
0.521973
0.520752
0.519775
0.518555
0.517334
0.515137
0.512939
0.510742
0.508301
0.505859
0.503418
0.500977
0.498779
0.497070
0.495117
0.494141
0.493408
0.492432
0.491699
0.491943
0.492676
0.493408
0.494141
0.495117
0.495850
0.496582
0.497314
0.499023
0.500732
0.502686
0.504639
0.506348
0.507813
0.509277
0.510498
0.510986
0.511475
0.511230
0.510742
0.510010
0.509277
0.507813
0.505859
0.503906
0.501953
0.499756
0.497803
0.495605
0.492920
0.490234
0.487549
0.485107
0.482666
0.480713
0.479004
0.477295
0.476563
0.476074
0.475830
0.475586
0.475342
0.475830
0.477295
0.478760
0.479980
0.481445
0.482666
0.484131
0.485352
0.487549
0.489746
0.491943
0.493896
0.495605
0.496826
0.498047
0.499023
0.499023
0.499023
0.499023
0.499023
0.499023
0.498535
0.497314
0.496094
0.494629
0.493408
0.492188
0.490967
0.489258
0.487549
0.486084
0.484619
0.483398
0.482666
0.482178
0.481689
0.481934
0.482910
0.483887
0.484863
0.485596
0.486572
0.487793
0.489990
0.491943
0.494141
0.496094
0.498291
0.500732
0.503174
0.505371
0.507568
0.509521
0.511230
0.512451
0.513672
0.514160
0.514404
0.514648
0.514648
0.514404
0.513428
0.512695
0.511719
0.510742
0.509766
0.509033
0.507568
0.506104
0.504639
0.503418
0.501953
0.501221
0.500488
0.500000
0.499268
0.500000
0.500488
0.501221
0.501709
0.502197
0.503662
0.505371
0.507080
0.508789
0.510254
0.511963
0.513672
0.515625
0.517578
0.519531
0.521240
0.522705
0.523438
0.524170
0.524902
0.524658
0.523682
0.522949
0.521973
0.521240
0.520508
0.519043
0.516846
0.514648
0.512695
0.510498
0.508301
0.505859
0.503418
0.500977
0.498779
0.496826
0.495361
0.494141
0.493164
0.491943
0.491943
0.492432
0.492920
0.493408
0.493896
0.494385
0.494873
0.496338
0.497803
0.499512
0.500977
0.502930
0.504639
0.506592
0.508057
0.509521
0.510498
0.511230
0.511475
0.511230
0.511230
0.510498
0.509033
0.507324
0.505859
0.504395
0.502686
0.500244
0.497803
0.495361
0.492676
0.489990
0.487305
0.484863
0.482422
0.480469
0.478516
0.477539
0.476563
0.475586
0.474854
0.475342
0.476074
0.477051
0.477783
0.478760
0.479492
0.480469
0.481689
0.483643
0.485596
0.487793
0.489746
0.491943
0.493896
0.495361
0.496826
0.498291
0.498779
0.499023
0.499512
0.499756
0.499756
0.498535
0.497559
0.496582
0.495605
0.494385
0.493408
0.492432
0.491455
0.489746
0.488037
0.486328
0.484863
0.483887
0.482910
0.482178
0.482178
0.482666
0.483154
0.483398
0.483887
0.485107
0.487061
0.488770
0.490723
0.492432
0.494141
0.496094
0.497803
0.500244
0.502686
0.505127
0.507324
0.509277
0.510742
0.512207
0.513428
0.513672
0.514160
0.514404
0.514648
0.513916
0.513184
0.512451
0.511719
0.510986
0.510254
0.509033
0.507568
0.506104
0.504639
0.503174
0.501953
0.501221
0.500488
0.499756
0.499756
0.500244
0.500488
0.500732
0.501221
0.502686
0.504150
0.505859
0.507324
0.508789
0.510498
0.511963
0.513428
0.515625
0.517578
0.519531
0.521240
0.522461
0.523438
0.524414
0.524658
0.524170
0.523682
0.523193
0.522705
0.522217
0.520264
0.518311
0.516357
0.514404
0.512451
0.510498
0.508789
0.506104
0.503662
0.501221
0.499023
0.497070
0.495605
0.494141
0.492676
0.492676
0.492676
0.492676
0.492676
0.492920
0.492920
0.494141
0.495605
0.496826
0.498291
0.499512
0.500977
0.502930
0.504639
0.506348
0.508057
0.509521
0.510742
0.511230
0.511719
0.511475
0.510742
0.510254
0.509521
0.507813
0.505859
0.503906
0.501953
0.500000
0.498047
0.495605
0.492920
0.490234
0.487549
0.484863
0.482422
0.480713
0.479004
0.477295
0.476318
0.476074
0.475830
0.475342
0.475098
0.476074
0.477295
0.478760
0.479980
0.481201
0.482666
0.483887
0.485352
0.487549
0.489502
0.491699
0.493652
0.495361
0.496582
0.498047
0.499023
0.499023
0.499023
0.499023
0.499268
0.499268
0.498291
0.497070
0.495850
0.494629
0.493408
0.492188
0.490967
0.489258
0.487549
0.486084
0.484619
0.483398
0.482666
0.482178
0.481689
0.481934
0.482910
0.483887
0.484619
0.485596
0.486328
0.488037
0.489990
0.492188
0.494141
0.496338
0.498291
0.500732
0.503174
0.505371
0.507568
0.509521
0.511230
0.512451
0.513428
0.514404
0.514404
0.514404
0.514648
0.514648
0.513672
0.512695
0.511719
0.510742
0.509766
0.508789
0.507813
0.506104
0.504639
0.503174
0.501953
0.500977
0.500488
0.500000
0.499512
0.499756
0.500488
0.501221
0.501953
0.502686
0.503662
0.504883
0.506592
0.508545
0.510254
0.511963
0.513916
0.515869
0.517822
0.519775
0.521240
0.522705
0.523682
0.524170
0.524658
0.525146
0.524170
0.523193
0.521973
0.520752
0.519775
0.518555
0.517578
0.515137
0.512939
0.510742
0.508301
0.505859
0.503418
0.500977
0.498779
0.497070
0.495117
0.494141
0.493408
0.492432
0.491699
0.491943
0.492676
0.493408
0.494385
0.495117
0.495850
0.496582
0.497314
0.499023
0.500732
0.502686
0.504639
0.506348
0.507813
0.509277
0.510498
0.510986
0.511475
0.511230
0.510742
0.510010
0.509277
0.507813
0.505859
0.503906
0.501953
0.499756
0.497803
0.495605
0.492920
0.490234
0.487549
0.485107
0.482666
0.480713
0.479004
0.477295
0.476318
0.476074
0.475830
0.475586
0.475342
0.475830
0.477295
0.478516
0.479980
0.481445
0.482666
0.484131
0.485352
0.487549
0.489746
0.491943
0.493896
0.495605
0.496826
0.498047
0.499268
0.499268
0.499023
0.499023
0.499023
0.499023
0.498535
0.497314
0.496094
0.494629
0.493408
0.492188
0.490967
0.489258
0.487549
0.486084
0.484619
0.483398
0.482666
0.482178
0.481689
0.481934
0.482910
0.483887
0.484863
0.485596
0.486572
0.487793
0.489746
0.491943
0.494141
0.496094
0.498291
0.500732
0.503174
0.505371
0.507568
0.509521
0.511230
0.512451
0.513672
0.514160
0.514404
0.514648
0.514648
0.514404
0.513428
0.512695
0.511719
0.510742
0.510010
0.509033
0.507568
0.506104
0.504639
0.503174
0.501953
0.501221
0.500488
0.500000
0.499512
0.500000
0.500488
0.501221
0.501709
0.502197
0.503662
0.505371
0.507080
0.508789
0.510254
0.511963
0.513672
0.515625
0.517578
0.519531
0.521240
0.522705
0.523438
0.524170
0.524902
0.524414
0.523682
0.522949
0.522217
0.521240
0.520508
0.518799
0.516846
0.514648
0.512695
0.510498
0.508301
0.505859
0.503418
0.500977
0.498779
0.496826
0.495361
0.494141
0.493164
0.491943
0.492188
0.492432
0.492920
0.493408
0.493896
0.494141
0.494873
0.496338
0.497803
0.499512
0.500977
0.502930
0.504639
0.506592
0.508057
0.509521
0.510742
0.511230
0.511719
0.511475
0.510986
0.510498
0.509277
0.507568
0.505859
0.503906
0.502197
0.500488
0.498047
0.495361
0.492920
0.489990
0.487305
0.484863
0.482422
0.480713
0.478760
0.477295
0.476563
0.476074
0.475342
0.474854
0.475586
0.476807
0.478027
0.479004
0.480225
0.481445
0.482666
0.483887
0.484863
0.487061
0.489258
0.491455
0.493408
0.495361
0.496582
0.497559
0.498535
0.499512
0.500000
0.499512
0.499023
0.498779
0.498291
0.497803
0.497070
0.495850
0.494385
0.492920
0.491455
0.489746
0.488037
0.486572
0.485107
0.483887
0.482910
0.482666
0.482666
0.482422
0.482422
0.483643
0.485107
0.486328
0.487793
0.489014
0.490479
0.491943
0.493652
0.495850
0.498291
0.500488
0.502930
0.505127
0.507324
0.509277
0.510742
0.511963
0.512695
0.512451
0.512207
0.511963
0.511719
0.511475
0.511230
0.510986
0.509766
0.508057
0.506348
0.504639
0.502930
0.502930
