0.519775
0.513916
0.507568
0.500732
0.493896
0.487061
0.480957
0.475586
0.470703
0.466797
0.464600
0.462646
0.460449
0.459717
0.462402
0.465088
0.467529
0.470215
0.472900
0.475586
0.478027
0.484131
0.490479
0.497070
0.503418
0.509766
0.515137
0.520508
0.525879
0.527832
0.529541
0.531494
0.533203
0.535156
0.535889
0.532715
0.529785
0.526611
0.523438
0.520264
0.517090
0.511230
0.505127
0.498535
0.492188
0.485840
0.480713
0.475830
0.470947
0.467041
0.466309
0.465576
0.464844
0.464111
0.463379
0.462646
0.465820
0.469727
0.473633
0.477539
0.481445
0.487549
0.493896
0.500732
0.507324
0.513672
0.519531
0.523926
0.528320
0.532959
0.536133
0.535889
0.535645
0.535156
0.534912
0.534668
0.534424
0.533936
0.529297
0.524902
0.520508
0.514404
0.508057
0.501221
0.494629
0.488037
0.481934
0.476563
0.471680
0.467285
0.465576
0.463623
0.461914
0.460205
0.462402
0.465088
0.468018
0.470703
0.473633
0.476318
0.479248
0.485352
0.491455
0.498047
0.504639
0.510986
0.516357
0.521484
0.526611
0.529297
0.530762
0.532227
0.533447
0.534912
0.536377
0.534668
0.531250
0.528076
0.524658
0.521240
0.517822
0.511719
0.505615
0.499023
0.492676
0.486328
0.480957
0.476318
0.471680
0.467041
0.466064
0.465820
0.465576
0.465332
0.465088
0.464844
0.464844
0.468994
0.473389
0.477539
0.481689
0.487793
0.494385
0.500977
0.507568
0.513672
0.520020
0.524414
0.528564
0.532471
0.536621
0.536865
0.536133
0.535400
0.534668
0.533691
0.532959
0.532227
0.530518
0.525635
0.520752
0.514893
0.508545
0.501709
0.495117
0.488525
0.482178
0.477051
0.471924
0.468506
0.466309
0.463867
0.461426
0.461914
0.463867
0.466064
0.468262
0.470215
0.472412
0.474609
0.479736
0.485840
0.491943
0.498535
0.505127
0.510742
0.516357
0.521973
0.526367
0.528564
0.531006
0.533203
0.535645
0.537109
0.534424
0.531738
0.529053
0.526367
0.523438
0.520752
0.518066
0.512207
0.505859
0.499268
0.492920
0.486572
0.481445
0.476318
0.470947
0.468994
0.467529
0.466064
0.464600
0.462891
0.461426
0.464844
0.468262
0.471680
0.475098
0.478271
0.481689
0.488037
0.494385
0.500977
0.507568
0.514160
0.519531
0.524414
0.529297
0.533936
0.534668
0.535400
0.535889
0.536621
0.537354
0.538086
0.536133
0.532227
0.528320
0.524414
0.520508
0.514648
0.508301
0.501465
0.494629
0.488037
0.481689
0.476563
0.471680
0.467529
0.465576
0.463379
0.461182
0.460938
0.463135
0.465088
0.467285
0.469482
0.471680
0.474609
0.479736
0.485840
0.491943
0.498535
0.505127
0.510986
0.516602
0.522217
0.526367
0.528809
0.531250
0.533936
0.536377
0.536621
0.534180
0.531494
0.528809
0.526367
0.523682
0.520996
0.518555
0.512451
0.506348
0.499756
0.493408
0.487061
0.481689
0.476563
0.471436
0.469727
0.467773
0.466064
0.464355
0.462646
0.462646
0.465820
0.468994
0.472168
0.475342
0.478760
0.481934
0.488037
0.494385
0.500977
0.507568
0.514160
0.519531
0.524414
0.529541
0.533203
0.534180
0.535156
0.536133
0.537109
0.538330
0.539063
0.535400
0.531738
0.528076
0.524170
0.520508
0.514648
0.508301
0.501465
0.494629
0.487793
0.481689
0.476318
0.471436
0.468018
0.465576
0.463135
0.460938
0.461182
0.463379
0.465576
0.467773
0.469971
0.472168
0.474365
0.479492
0.485352
0.491699
0.498291
0.504883
0.510742
0.516113
0.521729
0.526367
0.528564
0.530762
0.533203
0.535400
0.537598
0.534912
0.531982
0.529297
0.526611
0.523682
0.520996
0.518311
0.512207
0.506104
0.499512
0.493164
0.486816
0.481689
0.476563
0.471436
0.469238
0.467773
0.466309
0.464844
0.463623
0.462158
0.464600
0.468262
0.471680
0.475098
0.478516
0.482178
0.488281
0.494629
0.501221
0.507813
0.514404
0.519775
0.524658
0.529541
0.534424
0.535156
0.535645
0.536133
0.536621
0.537109
0.537598
0.536865
0.532715
0.528809
0.524658
0.520752
0.514648
0.508301
0.501465
0.494629
0.488037
0.481934
0.476563
0.471680
0.468018
0.465576
0.463135
0.460693
0.461670
0.463379
0.465332
0.467041
0.468994
0.470703
0.475098
0.479980
0.486084
0.492188
0.498779
0.505371
0.511230
0.516846
0.522705
0.526123
0.528809
0.531738
0.534668
0.537354
0.535400
0.533203
0.530762
0.528320
0.525879
0.523682
0.521240
0.518799
0.512939
0.506592
0.500000
0.493652
0.487549
0.481934
0.476563
0.472412
0.470215
0.468018
0.465820
0.463623
0.461426
0.464111
0.467041
0.469971
0.472900
0.475830
0.478760
0.481689
0.487793
0.494141
0.500732
0.507324
0.513916
0.519287
0.524414
0.529785
0.532227
0.533691
0.535156
0.536865
0.538330
0.539795
0.537354
0.533936
0.530518
0.527100
0.523926
0.520508
0.514404
0.508057
0.501465
0.494385
0.487793
0.481689
0.476318
0.471680
0.467285
0.465332
0.463623
0.461914
0.459961
0.461914
0.464844
0.467773
0.470459
0.473389
0.476318
0.479248
0.485352
0.491455
0.498047
0.504639
0.510986
0.516357
0.521484
0.526611
0.529541
0.530762
0.532227
0.533691
0.534912
0.536377
0.535156
0.531738
0.528320
0.524902
0.521484
0.518066
0.511963
0.505859
0.499268
0.492920
0.486572
0.481201
0.476563
0.471924
0.467529
0.466064
0.466064
0.465820
0.465576
0.465332
0.465332
0.465088
0.469238
0.473389
0.477783
0.481934
0.488037
0.494385
0.501221
0.507813
0.513916
0.520264
0.524414
0.528564
0.532715
0.536621
0.537354
0.536377
0.535400
0.534668
0.533691
0.532715
0.531982
0.530762
0.525879
0.520996
0.515137
0.508789
0.501953
0.495117
0.488525
0.482422
0.477295
0.472168
0.468506
0.466309
0.463867
0.461670
0.461670
0.463623
0.465820
0.467773
0.469727
0.471924
0.475098
0.480225
0.486084
0.492432
0.498779
0.505371
0.511230
0.516846
0.522461
0.526367
0.528809
0.531494
0.533936
0.536621
0.536377
0.533936
0.531250
0.528809
0.526123
0.523682
0.520996
0.518555
0.512451
0.506348
0.499756
0.493164
0.487061
0.481689
0.476318
0.471436
0.469727
0.467773
0.465820
0.464111
0.462158
0.462891
0.466064
0.468994
0.472168
0.475342
0.478516
0.481689
0.487793
0.494141
0.500977
0.507568
0.513916
0.519287
0.524414
0.529541
0.532959
0.533936
0.535156
0.536377
0.537354
0.538574
0.538818
0.535156
0.531494
0.527832
0.524170
0.520508
0.514404
0.508057
0.501465
0.494385
0.487793
0.481689
0.476318
0.471436
0.467773
0.465576
0.463379
0.461182
0.460693
0.463135
0.465576
0.467773
0.470215
0.472656
0.474854
0.479248
0.485352
0.491699
0.498291
0.504639
0.510742
0.516113
0.521484
0.526611
0.528809
0.530762
0.532959
0.534912
0.537109
0.535400
0.532471
0.529541
0.526611
0.523926
0.520996
0.518066
0.512207
0.505859
0.499512
0.492920
0.486572
0.481445
0.476563
0.471436
0.468750
0.467529
0.466309
0.465332
0.464111
0.462891
0.464111
0.467773
0.471191
0.474854
0.478516
0.482178
0.488281
0.494629
0.501465
0.508057
0.514404
0.520020
0.524658
0.529297
0.534180
0.535645
0.535889
0.536133
0.536377
0.536621
0.536865
0.537109
0.533447
0.529053
0.524902
0.520752
0.514893
0.508545
0.501709
0.494873
0.488281
0.482178
0.476563
0.471924
0.468506
0.464844
0.462646
0.462646
0.462891
0.463135
0.463379
0.464111
0.468018
0.472168
0.476074
0.480225
0.486084
0.492432
0.499023
0.505371
0.511719
0.517822
0.521973
0.526123
0.530273
0.534180
0.534424
0.533691
0.532959
0.532227
0.531494
0.530762
0.530029
0.527832
0.523193
0.518555
0.512451
0.506104
0.499756
0.493164
0.487305
0.481445
0.476074
0.472900
0.469727
0.466797
0.463623
0.462646
0.464844
0.467285
0.469482
0.471680
0.473877
0.476318
0.478516
0.480713
0.486816
0.493164
0.500000
0.506592
0.512695
0.518555
0.524414
0.527588
0.530518
0.533203
0.536133
0.538818
0.538086
0.535645
0.533203
0.530762
0.528320
0.525635
0.523193
0.520752
0.514893
0.508545
0.501709
0.495117
0.488525
0.482422
0.477295
0.471924
0.468994
0.466309
0.463623
0.461426
0.462891
0.464600
0.466064
0.467773
0.469238
0.470947
0.475342
0.480225
0.486084
0.492432
0.498779
0.505371
0.511230
0.516846
0.522705
0.525879
0.528809
0.531738
0.534424
0.537354
0.535156
0.532715
0.530518
0.528076
0.525635
0.523438
0.520996
0.518555
0.512695
0.506348
0.500000
0.493408
0.487305
0.481689
0.476318
0.472412
0.469971
0.467773
0.465332
0.463135
0.461426
0.464111
0.467041
0.469971
0.472900
0.475586
0.478516
0.481445
0.487549
0.493896
0.500488
0.507080
0.513672
0.519043
0.524414
0.529541
0.531738
0.533447
0.535156
0.536621
0.538330
0.539795
0.536865
0.533691
0.530273
0.526855
0.523682
0.520264
0.514404
0.508057
0.501221
0.494385
0.487793
0.481445
0.476318
0.471191
0.467773
0.465332
0.462891
0.460693
0.461182
0.463135
0.465088
0.467041
0.468994
0.470703
0.474854
0.479736
0.485840
0.491943
0.498535
0.505127
0.510986
0.516602
0.522461
0.526123
0.528809
0.531494
0.534180
0.537109
0.535889
0.533447
0.531006
0.528564
0.526123
0.523682
0.521240
0.518799
0.512695
0.506592
0.500000
0.493408
0.487549
0.481934
0.476563
0.472168
0.470215
0.468018
0.465820
0.463867
0.461670
0.463867
0.466797
0.469727
0.472656
0.475830
0.478760
0.481689
0.488037
0.494385
0.500977
0.507568
0.514160
0.519287
0.524658
0.529785
0.532471
0.533936
0.535156
0.536621
0.537842
0.539307
0.537842
0.534424
0.531006
0.527588
0.523926
0.520508
0.514648
0.508301
0.501465
0.494629
0.487793
0.481689
0.476318
0.471680
0.467285
0.465332
0.463623
0.461914
0.459961
0.461914
0.464844
0.467773
0.470703
0.473389
0.476318
0.479248
0.485352
0.491455
0.498047
0.504639
0.511230
0.516357
0.521484
0.526611
0.529541
0.530762
0.532227
0.533691
0.534912
0.536377
0.535156
0.531738
0.528320
0.524902
0.521484
0.518066
0.511963
0.505859
0.499268
0.492920
0.486572
0.481201
0.476563
0.471924
0.467285
0.466064
0.466064
0.465820
0.465576
0.465332
0.465332
0.465088
0.469238
0.473389
0.477783
0.481934
0.488037
0.494385
0.501221
0.507813
0.513916
0.520264
0.524414
0.528564
0.532715
0.536621
0.537354
0.536377
0.535400
0.534668
0.533691
0.532959
0.531982
0.530762
0.525879
0.520996
0.515137
0.508789
0.501953
0.495117
0.488525
0.482422
0.477295
0.472168
0.468506
0.466309
0.463867
0.461670
0.461670
0.463623
0.465820
0.467773
0.469727
0.471924
0.475098
0.480225
0.486084
0.492432
0.498779
0.505371
0.511230
0.516846
0.522461
0.526367
0.528809
0.531494
0.533936
0.536377
0.536377
0.533936
0.531250
0.528809
0.526123
0.523682
0.520996
0.518311
0.512451
0.506348
0.499756
0.493164
0.487061
0.481689
0.476318
0.471436
0.469482
0.467773
0.465820
0.464111
0.462158
0.462646
0.465820
0.468994
0.472168
0.475342
0.478516
0.481689
0.487793
0.494141
0.500977
0.507568
0.514160
0.519287
0.524414
0.529541
0.532959
0.534180
0.535156
0.536133
0.537354
0.538330
0.538818
0.535156
0.531494
0.527832
0.524170
0.520508
0.514404
0.508057
0.501465
0.494385
0.487793
0.481689
0.476318
0.471436
0.467773
0.465576
0.463379
0.460938
0.460938
0.463135
0.465576
0.467773
0.469971
0.472412
0.474609
0.479492
0.485352
0.491699
0.498291
0.504883
0.510742
0.516113
0.521484
0.526611
0.528564
0.530762
0.532959
0.535156
0.537354
0.535156
0.532227
0.529541
0.526611
0.523926
0.520996
0.518066
0.512207
0.506104
0.499512
0.493164
0.486816
0.481689
0.476563
0.471436
0.468994
0.467529
0.466309
0.465088
0.463867
0.462646
0.464355
0.468018
0.471436
0.475098
0.478516
0.482178
0.488281
0.494629
0.501465
0.507813
0.514404
0.520020
0.524658
0.529541
0.534180
0.535400
0.535645
0.536133
0.536377
0.536865
0.537354
0.537109
0.532959
0.529053
0.524902
0.520752
0.514893
0.508301
0.501709
0.494873
0.488281
0.481934
0.476563
0.471436
0.468262
0.465576
0.462646
0.461426
0.462646
0.463623
0.464844
0.466064
0.467285
0.470947
0.475586
0.480225
0.486084
0.492432
0.499023
0.505371
0.511475
0.517334
0.522461
0.525879
0.529297
0.532715
0.536133
0.535400
0.533447
0.531494
0.529541
0.527344
0.525391
0.523438
0.521484
0.519531
0.513672
0.507324
0.500732
0.494385
0.487793
0.482666
0.478027
0.473145
0.468506
0.465820
0.465332
0.464600
0.464111
0.463623
0.463135
0.463867
0.467773
0.471680
0.475586
0.479492
0.485596
0.491699
0.498291
0.504639
0.510742
0.517090
0.521240
0.525391
0.529541
0.533691
0.533447
0.532715
0.532227
0.531494
0.531006
0.530273
0.529785
0.527344
0.522705
0.518066
0.512207
0.505859
0.499268
0.492676
0.486084
0.480469
0.474854
0.470703
0.469238
0.467773
0.466553
0.465088
0.463623
0.462158
0.460938
0.463623
0.467285
0.470947
0.474854
0.478516
0.478516
