0.499268
0.496826
0.494629
0.492432
0.490479
0.488770
0.487305
0.486328
0.485596
0.485107
0.485107
0.485352
0.485596
0.486084
0.487305
0.488525
0.489746
0.491211
0.492432
0.493652
0.494873
0.496582
0.498291
0.500000
0.501465
0.502686
0.503174
0.503906
0.504639
0.503906
0.503174
0.502441
0.501709
0.500732
0.500000
0.498047
0.496094
0.494141
0.492432
0.490479
0.488525
0.486572
0.484375
0.482422
0.480713
0.479248
0.478516
0.478027
0.477295
0.477295
0.478271
0.479492
0.480713
0.481689
0.482910
0.484131
0.486328
0.488525
0.490967
0.493408
0.495850
0.498291
0.500977
0.503418
0.505615
0.507568
0.509521
0.510254
0.511230
0.511963
0.512451
0.511719
0.510742
0.510010
0.509277
0.508301
0.507568
0.506592
0.504883
0.502930
0.500977
0.499023
0.496826
0.494873
0.493164
0.491699
0.490479
0.489990
0.489746
0.489502
0.490479
0.491455
0.492676
0.493652
0.495850
0.498047
0.500488
0.502686
0.505127
0.507568
0.509766
0.512695
0.515381
0.518311
0.520508
0.522949
0.524414
0.525635
0.527100
0.527344
0.526855
0.526611
0.526123
0.525879
0.525391
0.524170
0.522217
0.520508
0.518555
0.516602
0.514893
0.512451
0.510010
0.507813
0.505859
0.503906
0.502441
0.501465
0.500488
0.499512
0.499756
0.500488
0.500977
0.501465
0.502197
0.502686
0.503418
0.504883
0.506592
0.508301
0.509766
0.511719
0.513428
0.515137
0.516602
0.517578
0.518555
0.518799
0.518555
0.518555
0.518555
0.517334
0.515625
0.513916
0.512207
0.510742
0.509033
0.507324
0.505615
0.502930
0.500488
0.497803
0.495117
0.492920
0.490479
0.488525
0.486816
0.485596
0.484375
0.483887
0.483887
0.483643
0.483643
0.484131
0.485107
0.486328
0.487305
0.488281
0.489258
0.490479
0.491943
0.493652
0.495117
0.496582
0.498047
0.499023
0.499512
0.500244
0.500488
0.500000
0.499268
0.498779
0.498047
0.497314
0.495605
0.493652
0.491943
0.490234
0.488525
0.486572
0.484863
0.482666
0.480713
0.478760
0.477051
0.475586
0.474854
0.474121
0.473389
0.474121
0.475098
0.476074
0.477051
0.477783
0.478760
0.481201
0.483398
0.485596
0.488037
0.490234
0.492676
0.495361
0.498047
0.500488
0.502686
0.504883
0.506348
0.507568
0.508789
0.509766
0.509277
0.508789
0.508301
0.507813
0.507324
0.506836
0.505615
0.503906
0.502197
0.500488
0.498779
0.496826
0.494873
0.492920
0.491211
0.489746
0.488525
0.488037
0.487793
0.487793
0.488770
0.489746
0.490479
0.492188
0.494385
0.496582
0.498779
0.501221
0.503418
0.505859
0.508789
0.511475
0.514404
0.517090
0.519531
0.521484
0.523193
0.524902
0.525635
0.525879
0.525879
0.525879
0.526123
0.525391
0.523926
0.522217
0.520508
0.519043
0.517334
0.515869
0.514160
0.511963
0.509521
0.507080
0.505127
0.503174
0.501953
0.500732
0.499512
0.499512
0.499756
0.499756
0.500000
0.500000
0.500732
0.502197
0.503662
0.504883
0.506348
0.507813
0.509277
0.510986
0.512939
0.514648
0.515869
0.517334
0.517822
0.518311
0.518555
0.518555
0.517334
0.516113
0.514893
0.513916
0.512695
0.511475
0.509277
0.506836
0.504639
0.502197
0.499756
0.497314
0.494629
0.492188
0.489990
0.488037
0.486328
0.485107
0.483887
0.483398
0.483398
0.483398
0.483398
0.483887
0.484863
0.485840
0.487061
0.488037
0.489258
0.490234
0.491699
0.493408
0.495117
0.496582
0.497803
0.498779
0.499512
0.500244
0.500488
0.499756
0.499268
0.498535
0.498047
0.497314
0.495605
0.493652
0.491943
0.490234
0.488281
0.486572
0.484863
0.482666
0.480713
0.478760
0.477051
0.475586
0.474854
0.474121
0.473389
0.474121
0.475098
0.476074
0.477051
0.478027
0.478760
0.480957
0.483154
0.485596
0.487793
0.490234
0.492676
0.495361
0.497803
0.500488
0.502686
0.504883
0.506348
0.507568
0.508545
0.509766
0.509277
0.508789
0.508301
0.507568
0.507080
0.506592
0.505615
0.503906
0.502197
0.500488
0.498779
0.496826
0.494629
0.492920
0.490967
0.489746
0.488525
0.488037
0.487549
0.487793
0.488770
0.489502
0.490234
0.492188
0.494385
0.496582
0.498779
0.500977
0.503174
0.505859
0.508789
0.511475
0.514404
0.517090
0.519531
0.521484
0.523193
0.524902
0.525635
0.525635
0.525879
0.526123
0.526367
0.525146
0.523438
0.521973
0.520508
0.519043
0.517334
0.515869
0.514404
0.511963
0.509521
0.507324
0.505127
0.503418
0.501953
0.500488
0.499756
0.499756
0.499756
0.499756
0.499756
0.499756
0.500977
0.502441
0.503662
0.505127
0.506348
0.507813
0.509033
0.510986
0.512695
0.514404
0.515869
0.517090
0.517578
0.518311
0.518799
0.518066
0.517090
0.516113
0.515137
0.514160
0.513184
0.511230
0.508789
0.506592
0.504395
0.502197
0.500000
0.497314
0.494873
0.492188
0.489990
0.488037
0.486328
0.485107
0.484131
0.483398
0.483398
0.483398
0.483643
0.483643
0.484619
0.485840
0.487061
0.488281
0.489258
0.490479
0.491699
0.493408
0.495117
0.496582
0.497803
0.499268
0.499756
0.500244
0.500732
0.500244
0.499268
0.498535
0.497559
0.496582
0.495850
0.494385
0.492432
0.490479
0.488525
0.486572
0.484619
0.482422
0.480469
0.478516
0.476807
0.475586
0.474609
0.474121
0.473877
0.473389
0.474365
0.475830
0.477051
0.478516
0.479980
0.481201
0.482666
0.485107
0.487549
0.489990
0.492676
0.495361
0.498047
0.500488
0.502686
0.504639
0.506592
0.507568
0.508301
0.509033
0.509766
0.509521
0.508545
0.507568
0.506592
0.505615
0.504639
0.503906
0.502686
0.500977
0.499023
0.497070
0.494873
0.493164
0.491455
0.489990
0.488770
0.488281
0.487793
0.488037
0.489014
0.489746
0.490723
0.492188
0.494385
0.496582
0.498779
0.501221
0.503418
0.505859
0.508789
0.511475
0.514404
0.517090
0.519531
0.521484
0.522949
0.524658
0.525635
0.525635
0.525879
0.525879
0.526123
0.525146
0.523682
0.521973
0.520508
0.518799
0.517334
0.515625
0.514160
0.511719
0.509521
0.507080
0.505127
0.503174
0.501953
0.500488
0.499512
0.499512
0.499756
0.499756
0.499756
0.500000
0.500732
0.502197
0.503418
0.504883
0.506348
0.507813
0.509033
0.510986
0.512695
0.514404
0.515869
0.517090
0.517822
0.518066
0.518555
0.518311
0.517334
0.516113
0.514893
0.513916
0.512695
0.511475
0.509033
0.506836
0.504395
0.502197
0.499756
0.497314
0.494629
0.492188
0.489990
0.488037
0.486328
0.485107
0.483887
0.483398
0.483398
0.483398
0.483398
0.483887
0.484863
0.485840
0.487061
0.488037
0.489258
0.490234
0.491699
0.493408
0.495117
0.496582
0.497803
0.498779
0.499512
0.500000
0.500732
0.500000
0.499268
0.498535
0.497803
0.497070
0.495605
0.493896
0.491943
0.490234
0.488525
0.486572
0.484863
0.482666
0.480469
0.478516
0.477051
0.475342
0.474854
0.474121
0.473633
0.473877
0.475098
0.476074
0.477051
0.478027
0.479248
0.480713
0.483154
0.485596
0.487793
0.490234
0.492676
0.495361
0.498047
0.500488
0.502686
0.504883
0.506348
0.507568
0.508545
0.509521
0.509521
0.508789
0.508301
0.507568
0.507080
0.506348
0.505859
0.504150
0.502197
0.500488
0.498779
0.496826
0.494873
0.492920
0.491211
0.489746
0.488525
0.488037
0.487793
0.488037
0.488525
0.489258
0.490967
0.492676
0.494385
0.496094
0.498047
0.500732
0.503418
0.506104
0.508789
0.511719
0.514404
0.517090
0.519531
0.521729
0.523682
0.524658
0.525391
0.526123
0.527100
0.526367
0.525146
0.524170
0.522949
0.521973
0.520996
0.519775
0.518555
0.516113
0.513916
0.511719
0.509277
0.507080
0.504883
0.503418
0.501709
0.500244
0.500000
0.499756
0.499268
0.499023
0.499268
0.500488
0.501709
0.502930
0.503906
0.505127
0.506348
0.507568
0.508789
0.510498
0.512451
0.514160
0.515625
0.516602
0.517578
0.518311
0.518066
0.517578
0.517090
0.516602
0.515869
0.514404
0.512451
0.510498
0.508301
0.506348
0.504395
0.502441
0.500244
0.497803
0.495117
0.492676
0.490479
0.488525
0.486816
0.485596
0.484375
0.483887
0.483643
0.483398
0.483398
0.484375
0.485107
0.486084
0.487061
0.488037
0.488770
0.490234
0.491943
0.493408
0.495117
0.496582
0.498047
0.498779
0.499512
0.500244
0.500244
0.499756
0.499268
0.498779
0.498535
0.496826
0.495117
0.493408
0.491699
0.489990
0.488281
0.486572
0.484863
0.482910
0.480713
0.478760
0.477051
0.475830
0.474854
0.473877
0.473877
0.474365
0.475098
0.475586
0.476318
0.477051
0.479248
0.481445
0.483643
0.485840
0.488037
0.489990
0.492188
0.494873
0.497559
0.500244
0.502441
0.504639
0.506104
0.507568
0.508789
0.509033
0.508789
0.508545
0.508301
0.508301
0.508057
0.506592
0.505127
0.503418
0.501953
0.500244
0.498779
0.496826
0.494873
0.492920
0.491211
0.489746
0.488525
0.488037
0.487549
0.488037
0.488770
0.489502
0.490479
0.492188
0.494385
0.496582
0.498779
0.500977
0.503174
0.505859
0.508789
0.511475
0.514404
0.517090
0.519531
0.521484
0.523193
0.524902
0.525635
0.525879
0.525879
0.526123
0.526367
0.525146
0.523682
0.521973
0.520508
0.519043
0.517334
0.515869
0.514404
0.511963
0.509521
0.507324
0.505127
0.503418
0.501953
0.500732
0.499756
0.499756
0.499756
0.499756
0.499756
0.499756
0.500977
0.502197
0.503662
0.505127
0.506348
0.507813
0.509033
0.510986
0.512695
0.514404
0.515869
0.517334
0.517822
0.518311
0.518799
0.518311
0.517090
0.516113
0.515137
0.513916
0.512939
0.511230
0.509033
0.506592
0.504395
0.502197
0.500000
0.497314
0.494629
0.492188
0.489990
0.488037
0.486328
0.485107
0.484131
0.483154
0.483398
0.483398
0.483643
0.483643
0.484619
0.485840
0.487061
0.488281
0.489258
0.490479
0.491699
0.493408
0.495117
0.496582
0.497803
0.499268
0.499756
0.500244
0.500488
0.500244
0.499268
0.498535
0.497559
0.496582
0.495850
0.494385
0.492432
0.490479
0.488525
0.486572
0.484619
0.482422
0.480469
0.478516
0.476807
0.475586
0.474609
0.474121
0.473877
0.473389
0.474365
0.475830
0.477051
0.478516
0.479736
0.481201
0.482666
0.485107
0.487549
0.489990
0.492676
0.495361
0.498047
0.500488
0.502686
0.504639
0.506592
0.507568
0.508301
0.509033
0.509766
0.509277
0.508545
0.507568
0.506592
0.505615
0.504639
0.503906
0.502686
0.500977
0.499023
0.496826
0.494873
0.493164
0.491455
0.489990
0.488770
0.488281
0.487793
0.488037
0.489014
0.489746
0.490723
0.492188
0.494385
0.496582
0.498779
0.501221
0.503418
0.505859
0.508789
0.511475
0.514404
0.517090
0.519531
0.521240
0.522949
0.524658
0.525635
0.525635
0.525879
0.525879
0.526123
0.525391
0.523682
0.522217
0.520508
0.518799
0.517334
0.515625
0.514160
0.511719
0.509521
0.507080
0.505127
0.503174
0.501953
0.500488
0.499512
0.499512
0.499756
0.499756
0.500000
0.500000
0.500732
0.502197
0.503418
0.504883
0.506348
0.507813
0.509277
0.510986
0.512695
0.514404
0.515869
0.517090
0.517822
0.518066
0.518555
0.518311
0.517334
0.516113
0.514893
0.513916
0.512695
0.511475
0.509033
0.506836
0.504395
0.502197
0.499756
0.497314
0.494629
0.492188
0.489990
0.488037
0.486328
0.485107
0.483887
0.483398
0.483398
0.483398
0.483398
0.483887
0.484863
0.485840
0.487061
0.488037
0.489258
0.490234
0.491699
0.493408
0.495117
0.496582
0.497803
0.498779
0.499512
0.500000
0.500488
0.500000
0.499268
0.498535
0.498047
0.497314
0.495605
0.493896
0.491943
0.490234
0.488525
0.486572
0.484863
0.482666
0.480713
0.478516
0.477051
0.475342
0.474854
0.474121
0.473633
0.474121
0.475098
0.476074
0.477051
0.478027
0.479004
0.480957
0.483154
0.485596
0.487793
0.490234
0.492676
0.495361
0.498047
0.500488
0.502686
0.504883
0.506348
0.507568
0.508545
0.509766
0.509277
0.508789
0.508301
0.507568
0.507080
0.506592
0.505859
0.503906
0.502197
0.500488
0.498779
0.496826
0.494629
0.492920
0.491211
0.489746
0.488525
0.488037
0.487549
0.488037
0.488770
0.489258
0.490479
0.492432
0.494629
0.496582
0.498535
0.500488
0.503174
0.506104
0.508789
0.511719
0.514404
0.517090
0.519531
0.521484
0.523438
0.524902
0.525391
0.525879
0.526367
0.526855
0.525879
0.524414
0.522949
0.521729
0.520264
0.518799
0.517334
0.516113
0.514648
0.512207
0.509766
0.507568
0.505371
0.503418
0.502197
0.501221
0.500244
0.499023
0.498779
0.499268
0.499756
0.500488
0.500977
0.501465
0.502197
0.503906
0.505371
0.507080
0.508545
0.510498
0.512207
0.513916
0.515381
0.516602
0.517578
0.517578
0.517578
0.517822
0.517822
0.516357
0.514648
0.513184
0.511719
0.510010
0.508545
0.507080
0.504883
0.502441
0.500000
0.497559
0.494873
0.492432
0.490234
0.488281
0.487061
0.485596
0.484863
0.485352
0.485596
0.486084
0.486572
0.486816
0.487305
0.487793
0.489258
0.491211
0.493164
0.494873
0.496826
0.496826
