0.496582
0.495850
0.495117
0.494629
0.494141
0.493896
0.493652
0.493896
0.494141
0.494629
0.495361
0.495850
0.496582
0.497314
0.498047
0.499023
0.499756
0.500732
0.501465
0.502441
0.503174
0.503906
0.504639
0.505127
0.505615
0.505859
0.505859
0.505859
0.505615
0.505127
0.504395
0.503662
0.503174
0.502441
0.501709
0.500977
0.500000
0.499268
0.498291
0.497559
0.496582
0.495850
0.495361
0.494629
0.494385
0.494141
0.494141
0.494385
0.494629
0.494873
0.495605
0.496338
0.497070
0.497559
0.498291
0.499023
0.500000
0.500732
0.501709
0.502441
0.503418
0.504150
0.504639
0.505371
0.505615
0.505859
0.505859
0.505615
0.505371
0.504883
0.504639
0.503662
0.502930
0.502197
0.501465
0.500732
0.499756
0.499023
0.498291
0.497314
0.496338
0.495605
0.495117
0.494385
0.494141
0.493652
0.493652
0.493896
0.494141
0.494385
0.495117
0.495850
0.496582
0.497314
0.498047
0.499023
0.499756
0.500732
0.501465
0.502197
0.503174
0.503906
0.504639
0.505127
0.505615
0.505859
0.505615
0.505615
0.505615
0.505127
0.504395
0.503662
0.502930
0.502441
0.501709
0.500977
0.500000
0.499268
0.498291
0.497314
0.496582
0.495850
0.495117
0.494629
0.494385
0.494141
0.494141
0.494385
0.494629
0.494873
0.495361
0.496094
0.496826
0.497559
0.498291
0.499023
0.500000
0.500732
0.501709
0.502441
0.503418
0.504150
0.504639
0.505127
0.505615
0.505859
0.505859
0.505615
0.505371
0.504883
0.504639
0.503906
0.502930
0.502197
0.501465
0.500732
0.499756
0.499023
0.498291
0.497314
0.496582
0.495850
0.495117
0.494385
0.494141
0.493896
0.493652
0.493896
0.494141
0.494629
0.495117
0.495850
0.496338
0.497314
0.498047
0.499023
0.499756
0.500732
0.501465
0.502441
0.503174
0.503906
0.504639
0.505127
0.505371
0.505615
0.505615
0.505615
0.505371
0.504883
0.504150
0.503662
0.503174
0.502441
0.501709
0.500732
0.500000
0.499268
0.498291
0.497559
0.496582
0.495850
0.495361
0.494629
0.494385
0.494141
0.494141
0.494141
0.494385
0.494873
0.495605
0.496338
0.496826
0.497559
0.498291
0.499023
0.500000
0.500732
0.501709
0.502441
0.503418
0.504150
0.504639
0.505127
0.505615
0.505859
0.505859
0.505615
0.505371
0.505127
0.504395
0.503662
0.502930
0.502197
0.501465
0.500732
0.500000
0.499023
0.498291
0.497314
0.496338
0.495605
0.494873
0.494385
0.493896
0.493652
0.493652
0.493896
0.494141
0.494385
0.495117
0.495850
0.496582
0.497314
0.498047
0.499023
0.499756
0.500732
0.501465
0.502441
0.503174
0.503906
0.504639
0.505127
0.505615
0.505615
0.505615
0.505615
0.505371
0.504883
0.504395
0.503662
0.503174
0.502441
0.501709
0.500732
0.500000
0.499268
0.498291
0.497559
0.496582
0.495850
0.495361
0.494629
0.494385
0.494141
0.494141
0.494141
0.494385
0.494873
0.495605
0.496094
0.496826
0.497559
0.498291
0.499023
0.500000
0.500732
0.501465
0.502441
0.503174
0.503906
0.504639
0.505127
0.505615
0.505859
0.505859
0.505615
0.505371
0.505127
0.504395
0.503662
0.502930
0.502197
0.501465
0.500732
0.500000
0.499023
0.498047
0.497314
0.496338
0.495605
0.494873
0.494385
0.493896
0.493652
0.493652
0.493896
0.494141
0.494629
0.495117
0.495850
0.496582
0.497314
0.498047
0.499023
0.499756
0.500732
0.501465
0.502441
0.503174
0.503906
0.504639
0.505127
0.505615
0.505615
0.505615
0.505615
0.505371
0.504883
0.504395
0.503662
0.503174
0.502441
0.501709
0.500977
0.500000
0.499268
0.498291
0.497559
0.496582
0.495850
0.495361
0.494629
0.494385
0.494141
0.494141
0.494141
0.494385
0.494873
0.495605
0.496338
0.496826
0.497559
0.498291
0.499023
0.500000
0.500732
0.501709
0.502441
0.503418
0.504150
0.504639
0.505127
0.505615
0.505859
0.505859
0.505615
0.505371
0.505127
0.504395
0.503662
0.502930
0.502197
0.501465
0.500732
0.500000
0.499023
0.498047
0.497314
0.496338
0.495605
0.494873
0.494385
0.493896
0.493652
0.493652
0.493896
0.494141
0.494629
0.495117
0.495850
0.496338
0.497314
0.498047
0.499023
0.499756
0.500732
0.501709
0.502441
0.503174
0.503906
0.504639
0.505127
0.505615
0.505615
0.505615
0.505859
0.505371
0.504883
0.504395
0.503662
0.503174
0.502441
0.501709
0.500732
0.500000
0.499268
0.498291
0.497559
0.496826
0.496094
0.495361
0.494629
0.494385
0.494141
0.494141
0.494141
0.494385
0.494873
0.495605
0.496094
0.496826
0.497314
0.498047
0.499023
0.499756
0.500732
0.501465
0.502441
0.503174
0.503906
0.504639
0.505127
0.505615
0.505859
0.505859
0.505615
0.505615
0.504883
0.504395
0.503662
0.502930
0.502197
0.501709
0.500732
0.500000
0.499023
0.498291
0.497314
0.496338
0.495605
0.495117
0.494385
0.493896
0.493652
0.493652
0.493896
0.494141
0.494385
0.495117
0.495850
0.496582
0.497314
0.498047
0.499023
0.499756
0.500732
0.501465
0.502441
0.503174
0.503906
0.504639
0.505127
0.505615
0.505859
0.505859
0.505615
0.505615
0.505127
0.504395
0.503662
0.502930
0.502441
0.501709
0.500977
0.500000
0.499268
0.498291
0.497559
0.496582
0.495850
0.495117
0.494629
0.494385
0.494141
0.494141
0.494385
0.494629
0.494873
0.495361
0.496094
0.496826
0.497559
0.498291
0.499023
0.500000
0.500732
0.501709
0.502441
0.503418
0.504150
0.504639
0.505127
0.505615
0.505859
0.505859
0.505615
0.505371
0.504883
0.504639
0.503906
0.503174
0.502197
0.501465
0.500732
0.499756
0.499023
0.498291
0.497314
0.496582
0.495850
0.495117
0.494629
0.494141
0.493896
0.493652
0.493896
0.494141
0.494629
0.495117
0.495850
0.496582
0.497314
0.498047
0.499023
0.499756
0.500732
0.501465
0.502441
0.503174
0.503906
0.504639
0.505127
0.505615
0.505615
0.505615
0.505615
0.505371
0.504883
0.504150
0.503662
0.503174
0.502441
0.501709
0.500732
0.500000
0.499268
0.498291
0.497559
0.496582
0.495850
0.495361
0.494629
0.494385
0.494141
0.494141
0.494141
0.494385
0.494873
0.495605
0.496094
0.496826
0.497559
0.498291
0.499023
0.500000
0.500732
0.501709
0.502441
0.503174
0.503906
0.504639
0.505127
0.505615
0.505859
0.505859
0.505615
0.505371
0.505127
0.504395
0.503662
0.502930
0.502197
0.501465
0.500732
0.500000
0.499023
0.498291
0.497314
0.496338
0.495605
0.495117
0.494385
0.493896
0.493652
0.493652
0.493896
0.494141
0.494629
0.495117
0.495850
0.496582
0.497314
0.498047
0.499023
0.499756
0.500732
0.501465
0.502441
0.503174
0.503906
0.504639
0.505127
0.505615
0.505615
0.505615
0.505615
0.505615
0.504883
0.504395
0.503662
0.503174
0.502441
0.501709
0.500977
0.500000
0.499268
0.498291
0.497559
0.496582
0.495850
0.495361
0.494629
0.494385
0.494141
0.494141
0.494385
0.494385
0.494873
0.495605
0.496338
0.496826
0.497559
0.498291
0.499023
0.500000
0.500732
0.501709
0.502441
0.503418
0.504150
0.504639
0.505127
0.505615
0.505859
0.505859
0.505615
0.505371
0.505127
0.504395
0.503662
0.502930
0.502197
0.501465
0.500732
0.500000
0.499023
0.498047
0.497314
0.496338
0.495605
0.494873
0.494385
0.493896
0.493652
0.493652
0.493896
0.494141
0.494629
0.495117
0.495605
0.496582
0.497314
0.498291
0.499023
0.499756
0.500732
0.501465
0.502441
0.503174
0.503906
0.504639
0.505127
0.505615
0.505615
0.505859
0.505615
0.505371
0.504883
0.504639
0.503906
0.503174
0.502197
0.501465
0.500732
0.500000
0.499023
0.498291
0.497559
0.496582
0.495850
0.495117
0.494629
0.494385
0.494141
0.494141
0.494141
0.494629
0.495117
0.495605
0.496094
0.496582
0.497314
0.498291
0.499023
0.499756
0.500732
0.501465
0.502197
0.503174
0.503906
0.504639
0.505127
0.505615
0.505615
0.505859
0.505859
0.505371
0.504883
0.504395
0.503662
0.503174
0.502441
0.501709
0.500732
0.500000
0.499268
0.498291
0.497559
0.496582
0.495850
0.495117
0.494629
0.494141
0.493896
0.493896
0.493896
0.494141
0.494629
0.495117
0.495850
0.496338
0.497314
0.498047
0.499023
0.499756
0.500732
0.501465
0.502441
0.503174
0.503906
0.504639
0.505127
0.505615
0.505615
0.505615
0.505615
0.505371
0.504883
0.504150
0.503662
0.503174
0.502441
0.501709
0.500732
0.500000
0.499268
0.498291
0.497559
0.496826
0.496094
0.495361
0.494629
0.494385
0.494141
0.494141
0.494141
0.494385
0.494873
0.495605
0.496094
0.496826
0.497314
0.498291
0.499023
0.499756
0.500732
0.501465
0.502441
0.503174
0.503906
0.504639
0.505127
0.505615
0.505859
0.505859
0.505615
0.505615
0.504883
0.504395
0.503662
0.502930
0.502197
0.501709
0.500732
0.500000
0.499023
0.498291
0.497314
0.496582
0.495605
0.495117
0.494385
0.493896
0.493652
0.493652
0.493896
0.494141
0.494629
0.495117
0.495850
0.496582
0.497314
0.498047
0.499023
0.499756
0.500732
0.501709
0.502441
0.503174
0.503906
0.504639
0.505127
0.505615
0.505615
0.505615
0.505859
0.505371
0.504883
0.504395
0.503662
0.503174
0.502441
0.501709
0.500732
0.500000
0.499268
0.498291
0.497559
0.496582
0.495850
0.495361
0.494629
0.494385
0.494141
0.494141
0.494141
0.494385
0.494873
0.495605
0.496094
0.496826
0.497314
0.498047
0.499023
0.499756
0.500732
0.501465
0.502441
0.503174
0.503906
0.504639
0.505127
0.505615
0.505859
0.505859
0.505615
0.505371
0.504883
0.504395
0.503662
0.502930
0.502197
0.501465
0.500732
0.500000
0.499023
0.498291
0.497314
0.496338
0.495605
0.495117
0.494385
0.493896
0.493652
0.493652
0.493896
0.494141
0.494385
0.495117
0.495850
0.496582
0.497314
0.498047
0.499023
0.499756
0.500732
0.501465
0.502441
0.503174
0.503906
0.504639
0.505127
0.505615
0.505859
0.505859
0.505615
0.505615
0.505127
0.504395
0.503662
0.502930
0.502441
0.501709
0.500977
0.500000
0.499268
0.498291
0.497559
0.496582
0.495850
0.495117
0.494629
0.494385
0.494141
0.494141
0.494385
0.494629
0.494873
0.495361
0.496094
0.496826
0.497559
0.498291
0.499023
0.500000
0.500732
0.501709
0.502441
0.503418
0.504150
0.504639
0.505127
0.505615
0.505859
0.505859
0.505615
0.505371
0.504883
0.504639
0.503906
0.503174
0.502197
0.501465
0.500732
0.499756
0.499023
0.498291
0.497314
0.496582
0.495850
0.495117
0.494629
0.494141
0.493896
0.493652
0.493896
0.494141
0.494629
0.495117
0.495850
0.496582
0.497314
0.498047
0.499023
0.499756
0.500732
0.501465
0.502441
0.503174
0.503906
0.504639
0.505127
0.505615
0.505615
0.505615
0.505615
0.505371
0.504883
0.504150
0.503662
0.503174
0.502441
0.501709
0.500732
0.500000
0.499268
0.498291
0.497559
0.496582
0.495850
0.495361
0.494629
0.494385
0.494141
0.494141
0.494141
0.494385
0.494873
0.495605
0.496094
0.496826
0.497559
0.498291
0.499023
0.500000
0.500732
0.501709
0.502441
0.503174
0.503906
0.504639
0.505127
0.505615
0.505859
0.505859
0.505615
0.505371
0.505127
0.504395
0.503662
0.502930
0.502197
0.501465
0.500732
0.500000
0.499023
0.498291
0.497314
0.496338
0.495605
0.495117
0.494385
0.493896
0.493652
0.493652
0.493896
0.494141
0.494629
0.495117
0.495850
0.496582
0.497314
0.498047
0.499023
0.499756
0.500732
0.501465
0.502441
0.503174
0.503906
0.504639
0.505127
0.505615
0.505615
0.505615
0.505615
0.505615
0.504883
0.504395
0.503662
0.503174
0.502441
0.501709
0.500977
0.500000
0.499268
0.498291
0.497559
0.496582
0.495850
0.495361
0.494629
0.494385
0.494141
0.494141
0.494385
0.494385
0.494873
0.495605
0.496338
0.496826
0.497559
0.498291
0.499023
0.500000
0.500732
0.501709
0.502441
0.503418
0.504150
0.504639
0.505127
0.505615
0.505859
0.505859
0.505615
0.505371
0.505127
0.504395
0.503662
0.502930
0.502197
0.501465
0.500732
0.500000
0.499023
0.498047
0.497314
0.496338
0.495605
0.494873
0.494385
0.493896
0.493652
0.493652
0.493896
0.494141
0.494629
0.495117
0.495850
0.496338
0.497314
0.498291
0.499023
0.500000
0.500732
0.501709
0.502441
0.503174
0.503906
0.504639
0.505127
0.505615
0.505615
0.505859
0.505615
0.505371
0.504883
0.504395
0.503906
0.503174
0.502441
0.501709
0.500732
0.500000
0.499268
0.498535
0.497559
0.496826
0.496094
0.495361
0.494873
0.494385
0.494141
0.494141
0.494385
0.494385
0.494629
0.495117
0.495850
0.496582
0.497314
0.498047
0.498779
0.499512
0.500488
0.501465
0.502197
0.503174
0.503906
0.504639
0.505127
0.505371
0.505615
0.505859
0.505615
0.505127
0.504883
0.504639
0.503906
0.503174
0.502197
0.501465
0.500732
0.500000
0.499268
0.498291
0.497559
0.496582
0.495850
0.495117
0.494629
0.494141
0.493896
0.493896
0.494141
0.494385
0.494873
0.495605
0.496094
0.496826
0.497559
0.498047
0.498779
0.499512
0.500488
0.501465
0.502197
0.503174
0.503174
